1377113	0
1395243	0
1414003	0
1432235	0
1450028	0
1467806	0
1485816	0
1503939	0
1521735	0
1539678	0
1557156	0
1575184	0
1593101	0
1611355	0
1629155	0
1647135	0
1665361	0
1683026	0
1700354	0
1717621	0
1734961	0
1752262	0
1769485	0
1786945	0
1806486	0
1824524	0
1842529	0
1860466	0
1878378	0
1896535	0
1914410	0
1932251	0
1950198	0
1972761	0
1990781	0
2008715	0
2026580	0
2044551	0
2062569	0
2080593	0
2098681	0
2116909	0
2134436	0
2155968	0
2173357	0
2190646	0
2207960	0
2225269	0
2243392	0
2261968	0
2279962	0
2297980	0
2315865	0
2334071	0
2352078	0
2370008	0
2387858	0
2405640	0
2423462	0
2441225	0
2459107	0
2477030	0
2494882	0
2512939	0
2530655	0
2548536	0
2566736	0
2584451	0
2601979	0
2619242	0
2636558	0
2653760	0
2671069	0
2688501	0
2705735	0
2723057	0
2740416	0
2757648	0
2774885	0
2792278	0
2809605	0
2827005	0
2844200	0
2861480	0
2878835	0
2896090	0
2913421	0
2930748	0
2948122	0
2965368	0
2982632	0
2999982	0
3017494	0
3034807	0
3052109	0
3069328	0
3086669	0
3103892	0
3121175	0
3138545	0
7974290	0
7991779	0
8009162	0
8026448	0
8043761	0
8061039	0
8078341	0
8099696	0
8117061	0
8134377	0
8151642	0
8168921	0
8186269	0
8203657	0
8220912	0
8238235	0
8255434	0
8272750	0
8289972	0
8307337	0
8324603	0
8343165	0
8362855	0
8382472	0
8402103	0
8421813	0
8440711	0
8459646	0
8481373	0
8502271	0
8520764	0
8538745	0
8556834	0
8574937	0
8592852	0
8610829	0
8628781	0
8646675	0
8664666	0
8682661	0
8700659	0
8718671	0
8736648	0
8754834	0
8772848	0
8790809	0
8808644	0
8826638	0
8844637	0
8862670	0
8880721	0
8898616	0
8916609	0
8934586	0
8952597	0
8970541	0
8988485	0
9006432	0
9024367	0
9042438	0
9060497	0
9078517	0
9096621	0
9114598	0
9132617	0
9150466	0
9168654	0
9186516	0
9204543	0
9222584	0
9240480	0
9261219	0
9279251	0
9297234	0
9315203	0
9333243	0
9351179	0
9369118	0
9387195	0
9405093	0
9423073	0
9440960	0
9458995	0
9477073	0
9495024	0
9513075	0
9531042	0
9548968	0
9566860	0
9584774	0
9602707	0
9620681	0
9638715	0
9656681	0
9674711	0
9692659	0
9710856	0
9728821	0
9746952	0
9764898	0
15289823	0
15307825	0
15325923	0
15343828	0
15361850	0
15379812	0
15397793	0
15415730	0
15433779	0
15451600	0
15469529	0
15487435	0
15505406	0
15523296	0
15541293	0
15559057	0
15577101	0
15595011	0
15613044	0
15631089	0
15649143	0
15667108	0
15685049	0
15703003	0
15721129	0
15739110	0
15756929	0
15774772	0
15792785	0
15810773	0
15828739	0
15846683	0
15864579	0
15882375	0
15900276	0
15923187	0
15941304	0
15959280	0
15977148	0
15995073	0
16012961	0
16031002	0
16049017	0
16066895	0
16084836	0
16102765	0
16120690	0
16138620	0
16156530	0
16174508	0
16192582	0
16210509	0
16228327	0
16246337	0
16264231	0
16282126	0
16300111	0
16318119	0
16336095	0
16353946	0
16371906	0
16389967	0
16408075	0
16426087	0
16444026	0
16462026	0
16479911	0
16497845	0
16515893	0
16533793	0
16551737	0
16569663	0
16587615	0
16605623	0
16623629	0
16641572	0
16659523	0
16677392	0
16695405	0
16713323	0
16731277	0
16749313	0
16767343	0
16785356	0
16803194	0
16821096	0
16839080	0
16856975	0
16874904	0
16892818	0
16910681	0
16928683	0
16946515	0
16964595	0
16982573	0
17000500	0
17018504	0
17036552	0
17054425	0
17075784	0
35409594	0
35427676	0
35445613	0
35463437	0
35481273	0
35499071	0
35516929	0
35534863	0
35552766	0
35570651	0
35588497	0
35606316	0
35624210	0
35642036	0
35659977	0
35677713	0
35695546	0
35713307	0
35731177	0
35749029	0
35766872	0
35784765	0
35802563	0
35820411	0
35838271	0
35856082	0
35873908	0
35891751	0
35909604	0
35927447	0
35945243	0
35963172	0
35981098	0
35999010	0
36017000	0
36034903	0
36052864	0
36070685	0
36088538	0
36106299	0
36124153	0
36142100	0
36160024	0
36177772	0
36195616	0
36213451	0
36231399	0
36249243	0
36267176	0
36285339	0
36303117	0
36321007	0
36338940	0
36356699	0
36374598	0
36392403	0
36410400	0
36428258	0
36446059	0
36463982	0
36481935	0
36499838	0
36517787	0
36540266	0
36558218	0
36575972	0
36593813	0
36611696	0
36629610	0
36647452	0
36665330	0
36683178	0
36701102	0
36718965	0
36736798	0
36754684	0
36772564	0
36790384	0
36808224	0
36825946	0
36843880	0
36861831	0
36879936	0
36897783	0
36915827	0
36933583	0
36951567	0
36969325	0
36987068	0
37005047	0
37022981	0
37040801	0
37058655	0
37076570	0
37094332	0
37112097	0
37130117	0
37147971	0
37165847	0
37183788	0
44407494	0
44425568	0
44443446	0
44461520	0
44479400	0
44497359	0
44515363	0
44533325	0
44551421	0
44569388	0
44587361	0
44605284	0
44623168	0
44641091	0
44659028	0
44677060	0
44694915	0
44712736	0
44730530	0
44748571	0
44766629	0
44784622	0
44802546	0
44820475	0
44838408	0
44856246	0
44874085	0
44895301	0
44913246	0
44931108	0
44949052	0
44966960	0
44985068	0
45002890	0
45020938	0
45038764	0
45056659	0
45074478	0
45092284	0
45110164	0
45128109	0
45146087	0
45164009	0
45182059	0
45200069	0
45217967	0
45235889	0
45253824	0
45271916	0
45289812	0
45307821	0
45325677	0
45343763	0
45361736	0
45379430	0
45397344	0
45415210	0
45433202	0
45451039	0
45468973	0
45486975	0
45504862	0
45522878	0
45540739	0
45558844	0
45576720	0
45594721	0
45612677	0
45630527	0
45648483	0
45666430	0
45684368	0
45702414	0
45720188	0
45738189	0
45756050	0
45773993	0
45791969	0
45809915	0
45827826	0
45845817	0
45863752	0
45881720	0
45899663	0
45917704	0
45935524	0
45953459	0
45972936	0
45990958	0
46008827	0
46026898	0
46049049	0
46066962	0
46084873	0
46102851	0
46120639	0
46138636	0
46156579	0
46174400	0
46192320	0
48005421	0
48023364	0
48041437	0
48059247	0
48077221	0
48095110	0
48113054	0
48131085	0
48148884	0
48166738	0
48184673	0
48202672	0
48220660	0
48238540	0
48256473	0
48274319	0
48292306	0
48310274	0
48328359	0
48346369	0
48364397	0
48382380	0
48400233	0
48418230	0
48436286	0
48454457	0
48472454	0
48490368	0
48508307	0
48526251	0
48544121	0
48562102	0
48579943	0
48597948	0
48615959	0
48633864	0
48651851	0
48669899	0
48687806	0
48705613	0
48723487	0
48741412	0
48759285	0
48777206	0
48795162	0
48813081	0
48831017	0
48849014	0
48866999	0
48885119	0
48903158	0
48921069	0
48938918	0
48956840	0
48974822	0
48995672	0
49013669	0
49031541	0
49049537	0
49067498	0
49085450	0
49103337	0
49121184	0
49139077	0
49157036	0
49174975	0
49192794	0
49210749	0
49228562	0
49246451	0
49264441	0
49282387	0
49300255	0
49318191	0
49336147	0
49354021	0
49371924	0
49389861	0
49407838	0
49425887	0
49443807	0
49461709	0
49479638	0
49497577	0
49515448	0
49533342	0
49551501	0
49569468	0
49587441	0
49605401	0
49623373	0
49641261	0
49659121	0
49677019	0
49694950	0
49712824	0
49730768	0
49748626	0
49766595	0
49784412	0
53395479	0
53413376	0
53431333	0
53449347	0
53467387	0
53485238	0
53503169	0
53521194	0
53539010	0
53556959	0
53574766	0
53592663	0
53610594	0
53628529	0
53646410	0
53664407	0
53682316	0
53700297	0
53718325	0
53739216	0
53757211	0
53775068	0
53792831	0
53810862	0
53828892	0
53846762	0
53864705	0
53882611	0
53900359	0
53918298	0
53936267	0
53954197	0
53977863	0
53995811	0
54013627	0
54031584	0
54049543	0
54067553	0
54085390	0
54103246	0
54121188	0
54139134	0
54157023	0
54175072	0
54193019	0
54210929	0
54228687	0
54246603	0
54264632	0
54282499	0
54300434	0
54318336	0
54336424	0
54354404	0
54372296	0
54390332	0
54408123	0
54426014	0
54443903	0
54461804	0
54479692	0
54497568	0
54515339	0
54533264	0
54551221	0
54569161	0
54587117	0
54605070	0
54622984	0
54640869	0
54658733	0
54676719	0
54694752	0
54712610	0
54730402	0
54748359	0
54766309	0
54784250	0
54802182	0
54820172	0
54838193	0
54856154	0
54874038	0
54894792	0
54912698	0
54930551	0
54948468	0
54966382	0
54984314	0
55002209	0
55020066	0
55038148	0
55055968	0
55073863	0
55091825	0
55109643	0
55127580	0
55145512	0
55163469	0
55181431	0
62391890	0
62410719	0
62429905	0
62448588	0
62466489	0
62484561	0
62502630	0
62520697	0
62538752	0
62556644	0
62574461	0
62592284	0
62610276	0
62628176	0
62646314	0
62664236	0
62682283	0
62700195	0
62718160	0
62736048	0
62754152	0
62772073	0
62789984	0
62808075	0
62826058	0
62844042	0
62862029	0
62880020	0
62897989	0
62915925	0
62934078	0
62952076	0
62969917	0
62987811	0
63005609	0
63023587	0
63041553	0
63059523	0
63077405	0
63095307	0
63113137	0
63131103	0
63149026	0
63166891	0
63184935	0
63202865	0
63220818	0
63244807	0
63262818	0
63280811	0
63298880	0
63316849	0
63334931	0
63352839	0
63370789	0
63388590	0
63406518	0
63424487	0
63442492	0
63460547	0
63478437	0
63496415	0
63514368	0
63532282	0
63550096	0
63568163	0
63586088	0
63603958	0
63621803	0
63639893	0
63657874	0
63675668	0
63693557	0
63711584	0
63729583	0
63747438	0
63765326	0
63783258	0
63801175	0
63819074	0
63836988	0
63854937	0
63872756	0
63890693	0
63908588	0
63926582	0
63944410	0
63962267	0
63980263	0
63998169	0
64016119	0
64034110	0
64052085	0
64070137	0
64088152	0
64106000	0
64123875	0
64141809	0
64159750	0
64177638	0
69730742	0
69750033	0
69768826	0
69788474	0
69807708	0
69827284	0
69846780	0
69866404	0
69886009	0
69905607	0
69925241	0
69947719	0
69968338	0
69988037	0
70007637	0
70027248	0
70046873	0
70066468	0
70084384	0
70103985	0
70123580	0
70143189	0
70162775	0
70182383	0
70201913	0
70221502	0
70241122	0
70260717	0
70280310	0
70299865	0
70319434	0
70339043	0
70354642	0
70374216	0
70393827	0
70413418	0
70428439	0
70447844	0
70467431	0
70487041	0
70506620	0
70526164	0
70545761	0
70565350	0
70584960	0
70604365	0
70623962	0
70643565	0
70663111	0
70682710	0
70697773	0
70717348	0
70736774	0
70756168	0
70775744	0
70795335	0
70814913	0
70834535	0
70849582	0
70869195	0
70888611	0
70908101	0
70927690	0
70947287	0
70966885	0
70986439	0
71005963	0
71025574	0
71044991	0
71064386	0
71084004	0
71103583	0
71123138	0
71142748	0
71157791	0
71179929	0
71199549	0
71219130	0
71235151	0
71254743	0
71274347	0
71293933	0
71313523	0
71333145	0
71352696	0
71367764	0
71387365	0
71406931	0
71426545	0
71441526	0
71461143	0
71480748	0
71500339	0
71519987	0
71539415	0
71559015	0
71574033	0
71593626	0
71613247	0
71632837	0
73567196	0
73588629	0
73608279	0
73627876	0
73647502	0
73667107	0
73682069	0
73701686	0
73721245	0
73740862	0
73760387	0
73779983	0
73799586	0
73819160	0
73838768	0
73858382	0
73877972	0
73892981	0
73907993	0
73927614	0
73947198	0
73969779	0
73989409	0
74009232	0
74028792	0
74048254	0
74067685	0
74087303	0
74106814	0
74126404	0
74145657	0
74165251	0
74180249	0
74199854	0
74219446	0
74239030	0
74258621	0
74278084	0
74297572	0
74317094	0
74336697	0
74356301	0
74375890	0
74390948	0
74410509	0
74430123	0
74449726	0
74469290	0
74488910	0
74508503	0
74528019	0
74547635	0
74567223	0
74586824	0
74606416	0
74626005	0
74645623	0
74665218	0
74684804	0
74704413	0
74724000	0
74743597	0
74763192	0
74778208	0
74797827	0
74817413	0
74836970	0
74856558	0
74876142	0
74895739	0
74910873	0
74930486	0
74945665	0
74965267	0
74984884	0
75004460	0
75024074	0
75043678	0
75063269	0
75082880	0
75102473	0
75122074	0
75141693	0
75161274	0
75180864	0
75200468	0
75220029	0
75239492	0
75259063	0
75278661	0
75298280	0
75317867	0
75337472	0
75357058	0
75376624	0
75396234	0
75411227	0
75430840	0
75450390	0
75469961	0
6147664	1
6171398	1
6189591	1
6211157	1
6229287	1
6247275	1
6265431	1
6283542	1
6301707	1
6319875	1
6338155	1
6356395	1
6374561	1
6392800	1
6410817	1
6428973	1
6447156	1
6465223	1
6483355	1
6501544	1
6519770	1
6537888	1
6556028	1
6574142	1
6592231	1
6610420	1
6628142	1
6646173	1
6664224	1
6682304	1
6700247	1
6718494	1
6736578	1
6754702	1
6772926	1
6791022	1
6809121	1
6827188	1
6845262	1
6863510	1
6881500	1
6899652	1
6917824	1
6938531	1
6956614	1
6974760	1
6992772	1
7010954	1
7028999	1
7047386	1
7065548	1
7083705	1
7101854	1
7119899	1
7138073	1
7156211	1
7174333	1
7192469	1
7210625	1
7228858	1
7247042	1
7265231	1
7283313	1
7301739	1
7319878	1
7337956	1
7355999	1
7376781	1
7394862	1
7413054	1
7431251	1
7449226	1
7467345	1
7485527	1
7503692	1
7521936	1
7540072	1
7558298	1
7576479	1
7594605	1
7612672	1
7630644	1
7648744	1
7666872	1
7684938	1
7703001	1
7720624	1
7738544	1
7756692	1
7774760	1
7792930	1
7811012	1
7829155	1
7847169	1
7865230	1
7883356	1
7901463	1
7919598	1
7937728	1
7955898	1
13470148	1
13489006	1
13507260	1
13525358	1
13543696	1
13561565	1
13580102	1
13598329	1
13616487	1
13634168	1
13652547	1
13671138	1
13689561	1
13707739	1
13726088	1
13744508	1
13762914	1
13781082	1
13799410	1
13817800	1
13835936	1
13853930	1
13872366	1
13890646	1
13908960	1
13927081	1
13945201	1
13967047	1
13987095	1
14005360	1
14023866	1
14046326	1
14065014	1
14083173	1
14101453	1
14119217	1
14137163	1
14155333	1
14173868	1
14193915	1
14211920	1
14229864	1
14247687	1
14265504	1
14283327	1
14301106	1
14318899	1
14336596	1
14354360	1
14372084	1
14389812	1
14407693	1
14425398	1
14443274	1
14461116	1
14478833	1
14496722	1
14514438	1
14532258	1
14550035	1
14567744	1
14585586	1
14603374	1
14621075	1
14638878	1
14656792	1
14674642	1
14692573	1
14710643	1
14728537	1
14746445	1
14764245	1
14782279	1
14800185	1
14818018	1
14835974	1
14853875	1
14871794	1
14889749	1
14907746	1
14925799	1
14943794	1
14961820	1
14979860	1
14997877	1
15015736	1
15033604	1
15051622	1
15069532	1
15087548	1
15105377	1
15123299	1
15141159	1
15159132	1
15177104	1
15198884	1
15216790	1
15234822	1
15252869	1
15270726	1
17094553	1
17112498	1
17130512	1
17148394	1
17166308	1
17184139	1
17202140	1
17220173	1
17238198	1
17256168	1
17274165	1
17292010	1
17309827	1
17327856	1
17345791	1
17363741	1
17381619	1
17399454	1
17417363	1
17435303	1
17453274	1
17471255	1
17489090	1
17506977	1
17524983	1
17542972	1
17560947	1
17578950	1
17596748	1
17614599	1
17632550	1
17650628	1
17668566	1
17686358	1
17704430	1
17722334	1
17740273	1
17758151	1
17776139	1
17794067	1
17811983	1
17829990	1
17847807	1
17865921	1
17883910	1
17901976	1
17919958	1
17937810	1
17955681	1
17981686	1
17999773	1
18017746	1
18035541	1
18053468	1
18071466	1
18089546	1
18107494	1
18125428	1
18143756	1
18166593	1
18184876	1
18203838	1
18222675	1
18242855	1
18262805	1
18282662	1
18302536	1
18322214	1
18341898	1
18362461	1
18382382	1
18401967	1
18422141	1
18442497	1
18462575	1
18483086	1
18502805	1
18522885	1
18543075	1
18563682	1
18583635	1
18603909	1
18623943	1
18644260	1
18665221	1
18685431	1
18705682	1
18726369	1
18746416	1
18766863	1
18787291	1
18807727	1
18827957	1
18848642	1
18872446	1
18896013	1
18919906	1
18943822	1
18962773	1
18981389	1
20835598	1
20854193	1
20872467	1
20890725	1
20909058	1
20927366	1
20945493	1
20963693	1
20981931	1
21000087	1
21018384	1
21036665	1
21055000	1
21073173	1
21091318	1
21109707	1
21127745	1
21145643	1
21163042	1
21181347	1
21199551	1
21217914	1
21236137	1
21262547	1
21280857	1
21298852	1
21317136	1
21335332	1
21353488	1
21371677	1
21389950	1
21408191	1
21426582	1
21444414	1
21462094	1
21479549	1
21497824	1
21516141	1
21534444	1
21552719	1
21571042	1
21589237	1
21607292	1
21625688	1
21643909	1
21661875	1
21680350	1
21698630	1
21716746	1
21734750	1
21753286	1
21771807	1
21789880	1
21808230	1
21826830	1
21845055	1
21863671	1
21882565	1
21901256	1
21919317	1
21937528	1
21955377	1
21980536	1
21998084	1
22015645	1
22033192	1
22050995	1
22068604	1
22086223	1
22104030	1
22121658	1
22139289	1
22156880	1
22174720	1
22192343	1
22209700	1
22227259	1
22244830	1
22262245	1
22279830	1
22297204	1
22314541	1
22332042	1
22349406	1
22367006	1
22384626	1
22402168	1
22429075	1
22446702	1
22464351	1
22481837	1
22499419	1
22516967	1
22534407	1
22551778	1
22569403	1
22587066	1
22604888	1
22622467	1
22640142	1
24497245	1
24515311	1
24533193	1
24551177	1
24569121	1
24587073	1
24605061	1
24622885	1
24640891	1
24658768	1
24676686	1
24694542	1
24712404	1
24730364	1
24748188	1
24766150	1
24784029	1
24802012	1
24819898	1
24837754	1
24855836	1
24873753	1
24891636	1
24909560	1
24927524	1
24945282	1
24963175	1
24981171	1
24999080	1
25016973	1
25034856	1
25052824	1
25070776	1
25088537	1
25106498	1
25124369	1
25142289	1
25160195	1
25178004	1
25195922	1
25213910	1
25231873	1
25249795	1
25267715	1
25285655	1
25303500	1
25321366	1
25339232	1
25357264	1
25375140	1
25393106	1
25419259	1
25437160	1
25455135	1
25473058	1
25491069	1
25508901	1
25526895	1
25544746	1
25562795	1
25580844	1
25598825	1
25616687	1
25634559	1
25652442	1
25670420	1
25688268	1
25706284	1
25724079	1
25742062	1
25760012	1
25777896	1
25795773	1
25813558	1
25831689	1
25849691	1
25867537	1
25885368	1
25903329	1
25921280	1
25939221	1
25957231	1
25983787	1
26001754	1
26019709	1
26037513	1
26055402	1
26073418	1
26091450	1
26109387	1
26127292	1
26145335	1
26163180	1
26181082	1
26199068	1
26216985	1
26234934	1
26252712	1
26270706	1
26288594	1
29925016	1
29943057	1
29961210	1
29984102	1
30001965	1
30019992	1
30037924	1
30055904	1
30073855	1
30091695	1
30110151	1
30129066	1
30147367	1
30166214	1
30184978	1
30212316	1
30230532	1
30248997	1
30267195	1
30285217	1
30302968	1
30321416	1
30339790	1
30358352	1
30377007	1
30395183	1
30413691	1
30432316	1
30450961	1
30469080	1
30487488	1
30505720	1
30524097	1
30542377	1
30560893	1
30579303	1
30597358	1
30615601	1
30633951	1
30652283	1
30671052	1
30689762	1
30708168	1
30727032	1
30745670	1
30764131	1
30782604	1
30800907	1
30819683	1
30838087	1
30855907	1
30873739	1
30891618	1
30909484	1
30927461	1
30945262	1
30963157	1
30981100	1
30998884	1
31016801	1
31034852	1
31052928	1
31070977	1
31088955	1
31107083	1
31124937	1
31142997	1
31161117	1
31179111	1
31197207	1
31215778	1
31234109	1
31252904	1
31271159	1
31289276	1
31307528	1
31325946	1
31344406	1
31362413	1
31392661	1
31410656	1
31428732	1
31446922	1
31465066	1
31483740	1
31502098	1
31520209	1
31538164	1
31556364	1
31574172	1
31592035	1
31610134	1
31628096	1
31646093	1
31663910	1
31681918	1
31699817	1
31717981	1
31736087	1
31754008	1
37202716	1
37220736	1
37238775	1
37256772	1
37274673	1
37292600	1
37310649	1
37328556	1
37346546	1
37364641	1
37382485	1
37400378	1
37418348	1
37436258	1
37454234	1
37472150	1
37490127	1
37508276	1
37526230	1
37544319	1
37562271	1
37580226	1
37598156	1
37616212	1
37634077	1
37652083	1
37670047	1
37687999	1
37705932	1
37723890	1
37741820	1
37759938	1
37777822	1
37795927	1
37813906	1
37831810	1
37849773	1
37867826	1
37885789	1
37903757	1
37921651	1
37939599	1
37957509	1
37982757	1
38000641	1
38018499	1
38036512	1
38054542	1
38072455	1
38090346	1
38108392	1
38126410	1
38144296	1
38162225	1
38180203	1
38198081	1
38215987	1
38234012	1
38251908	1
38269889	1
38287865	1
38305839	1
38323738	1
38341670	1
38359809	1
38377941	1
38395848	1
38413818	1
38431762	1
38449801	1
38467747	1
38485690	1
38503703	1
38521611	1
38539580	1
38557466	1
38575512	1
38593551	1
38611486	1
38629427	1
38647322	1
38665450	1
38683468	1
38701442	1
38719493	1
38737409	1
38755297	1
38773230	1
38791263	1
38809227	1
38827216	1
38845106	1
38863102	1
38881050	1
38899084	1
38917155	1
38935001	1
38953282	1
38971218	1
38989235	1
42611677	1
42629508	1
42647500	1
42665389	1
42683350	1
42701253	1
42719231	1
42740349	1
42758169	1
42776075	1
42794040	1
42811827	1
42829762	1
42847676	1
42865620	1
42883519	1
42901422	1
42919311	1
42937157	1
42955115	1
42972985	1
42990820	1
43008686	1
43026564	1
43044492	1
43062359	1
43080416	1
43098450	1
43116398	1
43134293	1
43152151	1
43169905	1
43187760	1
43205766	1
43223589	1
43241500	1
43259490	1
43277535	1
43295321	1
43313056	1
43330976	1
43348914	1
43366834	1
43384591	1
43402510	1
43420341	1
43438304	1
43456190	1
43474051	1
43492103	1
43509882	1
43527826	1
43545703	1
43563580	1
43581437	1
43599489	1
43617768	1
43636420	1
43654981	1
43673454	1
43692047	1
43710066	1
43727722	1
43745363	1
43763151	1
43780958	1
43798641	1
43816416	1
43834233	1
43851936	1
43869748	1
43890914	1
43908732	1
43926542	1
43944191	1
43961950	1
43979712	1
43997457	1
44015074	1
44032861	1
44050638	1
44068213	1
44085908	1
44103880	1
44121646	1
44139321	1
44157065	1
44174847	1
44192545	1
44210401	1
44228225	1
44245878	1
44263685	1
44281384	1
44299152	1
44317104	1
44335052	1
44352898	1
44370885	1
44388735	1
56997108	1
57014984	1
57032910	1
57050889	1
57068827	1
57086797	1
57104772	1
57122757	1
57140724	1
57158743	1
57176738	1
57194596	1
57212482	1
57230506	1
57248374	1
57266402	1
57284324	1
57302403	1
57320358	1
57338330	1
57356278	1
57374181	1
57392064	1
57409966	1
57427947	1
57445877	1
57463761	1
57481617	1
57499560	1
57517532	1
57535454	1
57553394	1
57571215	1
57589222	1
57607167	1
57629206	1
57647172	1
57665029	1
57682901	1
57700861	1
57718733	1
57736723	1
57754708	1
57772633	1
57790474	1
57808425	1
57826452	1
57844244	1
57862263	1
57880366	1
57898455	1
57916432	1
57934352	1
57952220	1
57971421	1
57989390	1
58007383	1
58025373	1
58043382	1
58061233	1
58079162	1
58097052	1
58114942	1
58132889	1
58150824	1
58168729	1
58186638	1
58204606	1
58222481	1
58240376	1
58258287	1
58276243	1
58294094	1
58311990	1
58329846	1
58347878	1
58365830	1
58383921	1
58401700	1
58419731	1
58437540	1
58455455	1
58473423	1
58491292	1
58509198	1
58527140	1
58545028	1
58563057	1
58581102	1
58598948	1
58616941	1
58634815	1
58652755	1
58670741	1
58688624	1
58706619	1
58724523	1
58742550	1
58760490	1
58781388	1
60596377	1
60614447	1
60632423	1
60650408	1
60668461	1
60686422	1
60704335	1
60722373	1
60740255	1
60758229	1
60776155	1
60794085	1
60812012	1
60830150	1
60848101	1
60866004	1
60883895	1
60901798	1
60919715	1
60937716	1
60955568	1
60973528	1
60991459	1
61009372	1
61027406	1
61045240	1
61063075	1
61080982	1
61098957	1
61116914	1
61134842	1
61152754	1
61170629	1
61188493	1
61206529	1
61224316	1
61242310	1
61260274	1
61278186	1
61296021	1
61314085	1
61331974	1
61349844	1
61367740	1
61385576	1
61403542	1
61421487	1
61439509	1
61457496	1
61475384	1
61493234	1
61511046	1
61528962	1
61546995	1
61564916	1
61582877	1
61600760	1
61618687	1
61636664	1
61654632	1
61672556	1
61690451	1
61708346	1
61726283	1
61744158	1
61761910	1
61779808	1
61797772	1
61815793	1
61833749	1
61851714	1
61869604	1
61887449	1
61905401	1
61923444	1
61941395	1
61959289	1
61978640	1
61996631	1
62014664	1
62032574	1
62050485	1
62068562	1
62086397	1
62104338	1
62122378	1
62140388	1
62158163	1
62176113	1
62193874	1
62211816	1
62229723	1
62247720	1
62265724	1
62283699	1
62301554	1
62319513	1
62337436	1
62355368	1
62373258	1
3162462	2
3186999	2
3204453	2
3221860	2
3239256	2
3256699	2
3274024	2
3291308	2
3308597	2
3327098	2
3345663	2
3364102	2
3381694	2
3399060	2
3416550	2
3433960	2
3451393	2
3468647	2
3486024	2
3503305	2
3520821	2
3538191	2
3555507	2
3572882	2
3590260	2
3607567	2
3624859	2
3646072	2
3663396	2
3680685	2
3698044	2
3715453	2
3732800	2
3751036	2
4712229	2
4730083	2
4747571	2
4765086	2
4782233	2
4799942	2
4817434	2
4835023	2
4852993	2
4871079	2
4888894	2
4906430	2
4924592	2
4942862	2
5198715	2
5216774	2
5234786	2
5252762	2
5270775	2
5288616	2
5306610	2
5324634	2
5342715	2
5360653	2
5378565	2
5396651	2
5414704	2
5432626	2
5450680	2
5468794	2
5486759	2
5504819	2
5522794	2
5540677	2
5558694	2
5576641	2
5594600	2
5612648	2
5630710	2
5648714	2
5666612	2
5684610	2
5702546	2
5720360	2
5738295	2
5756440	2
5774414	2
5792417	2
5810413	2
5828662	2
5846868	2
5865049	2
5883243	2
5901472	2
5919598	2
5937687	2
5955793	2
5982674	2
6000836	2
6018900	2
6037194	2
6055324	2
6073479	2
6091704	2
6110288	2
6128438	2
9783940	2
9801989	2
9819857	2
9837796	2
9855699	2
9873701	2
9891578	2
9909415	2
9927444	2
9945340	2
9966554	2
9984514	2
10002416	2
10020432	2
10038345	2
10056387	2
10074298	2
10092137	2
10110150	2
10128225	2
10146003	2
10163937	2
10181869	2
10199896	2
10217867	2
10235847	2
10253658	2
10352222	2
10370064	2
10387980	2
10405768	2
10423618	2
10441408	2
10459357	2
10477221	2
10495018	2
10512757	2
10530371	2
10548078	2
10565781	2
10583510	2
10601212	2
10618949	2
10636649	2
10654470	2
10672168	2
10689894	2
10707721	2
10725497	2
10743270	2
10761044	2
10778741	2
10796556	2
10814271	2
10832072	2
10853364	2
10871124	2
10889045	2
10906825	2
10924692	2
10942542	2
10960381	2
10978222	2
10996214	2
11014230	2
11032132	2
11050163	2
11068044	2
11086080	2
11103852	2
11121800	2
11139831	2
11157830	2
11175796	2
11193839	2
11211854	2
11229896	2
11247833	2
11265822	2
11283825	2
11301753	2
11319695	2
11337712	2
11355705	2
11373589	2
11391569	2
11409463	2
11427429	2
11445353	2
11463345	2
11481207	2
11499029	2
11516979	2
11535002	2
11552944	2
11570787	2
11588661	2
11606581	2
11624445	2
11642508	2
28117337	2
28135773	2
28153656	2
28171574	2
28189447	2
28207368	2
28225371	2
28243422	2
28261376	2
28279327	2
28297268	2
28315071	2
28333119	2
28351047	2
28368971	2
28386936	2
28404881	2
28422781	2
28440604	2
28466932	2
28484976	2
28502861	2
28520859	2
28538805	2
28556796	2
28574633	2
28592629	2
28610520	2
28628285	2
28646221	2
28664187	2
28682060	2
28700094	2
28717796	2
28735686	2
28753757	2
28771603	2
28789461	2
28807432	2
28825376	2
28843315	2
28861182	2
28879208	2
28897163	2
28915161	2
28933105	2
28951094	2
28968980	2
28986825	2
29004716	2
29022634	2
29040540	2
29058480	2
29076429	2
29094287	2
29112220	2
29130163	2
29148035	2
29166053	2
29183929	2
29201826	2
29219643	2
29237596	2
29255546	2
29273463	2
29291538	2
29309507	2
29327358	2
29345321	2
29363267	2
29381198	2
29399155	2
29417040	2
29435120	2
29453126	2
29471031	2
29489026	2
29506973	2
29524896	2
29542884	2
29560765	2
29578699	2
29596503	2
29619508	2
29637448	2
29655377	2
29673243	2
29691207	2
29709208	2
29727305	2
29745320	2
29763194	2
29781056	2
29799075	2
29817026	2
29834928	2
29852906	2
29870853	2
29888742	2
29906607	2
33582170	2
33600333	2
33618245	2
33636305	2
33654357	2
33672346	2
33690356	2
33708488	2
33726395	2
33744284	2
33762282	2
33780352	2
33798414	2
33816334	2
33834318	2
33852343	2
33870473	2
33888490	2
33906586	2
33924440	2
33942450	2
33960317	2
33995828	2
34013896	2
34031869	2
34049817	2
34068026	2
34086154	2
34104249	2
34122258	2
34140276	2
34158167	2
34176262	2
34194228	2
34212246	2
34230182	2
34248172	2
34266042	2
34283885	2
34301873	2
34319806	2
34337712	2
34355722	2
34373713	2
34391696	2
34409569	2
34427486	2
34455951	2
34474145	2
34492146	2
34510128	2
34527898	2
34545995	2
34563918	2
34582068	2
34600146	2
34618077	2
34636176	2
34654098	2
34672083	2
34690151	2
34708120	2
34726165	2
34744061	2
34762032	2
34779918	2
34797915	2
34815813	2
34833814	2
34851663	2
34869595	2
34887549	2
34905505	2
34923299	2
34941320	2
34959432	2
34977281	2
34995266	2
35013142	2
35031081	2
35048818	2
35066809	2
35084783	2
35102627	2
35120666	2
35138634	2
35156601	2
35174656	2
35192470	2
35210375	2
35228383	2
35246438	2
35264447	2
35282357	2
35300253	2
35318267	2
35336454	2
35354495	2
35372367	2
35390374	2
39008075	2
39025953	2
39043908	2
39061851	2
39079742	2
39097661	2
39115600	2
39133359	2
39151274	2
39169231	2
39187106	2
39208394	2
39226376	2
39244269	2
39262171	2
39280206	2
39298183	2
39315999	2
39333767	2
39351653	2
39369671	2
39387558	2
39405461	2
39423243	2
39441105	2
39459221	2
39477133	2
39495096	2
39512996	2
39530832	2
39548678	2
39566592	2
39584473	2
39602472	2
39620239	2
39638201	2
39656102	2
39674146	2
39691932	2
39709888	2
39727839	2
39745691	2
39763676	2
39781570	2
39799555	2
39817525	2
39835466	2
39853479	2
39871332	2
39889249	2
39907077	2
39924954	2
39942788	2
39960666	2
39978536	2
39996489	2
40014409	2
40032242	2
40050311	2
40068160	2
40085940	2
40103921	2
40121793	2
40139598	2
40157539	2
40175435	2
40193483	2
40211369	2
40229230	2
40247059	2
40265005	2
40282951	2
40300849	2
40318832	2
40336808	2
40357837	2
40375777	2
40393657	2
40411520	2
40429341	2
40447322	2
40465220	2
40483202	2
40501072	2
40519070	2
40536973	2
40555038	2
40573009	2
40590911	2
40608821	2
40626561	2
40644333	2
40662280	2
40680085	2
40698039	2
40715740	2
40733622	2
40751429	2
40769275	2
40787080	2
51597624	2
51615479	2
51633477	2
51651383	2
51669324	2
51687319	2
51705114	2
51722996	2
51740888	2
51758796	2
51776689	2
51794561	2
51812371	2
51830361	2
51848187	2
51866153	2
51884074	2
51901977	2
51919936	2
51937707	2
51955769	2
51973597	2
51991504	2
52009389	2
52027286	2
52045219	2
52063105	2
52081027	2
52098787	2
52116654	2
52134682	2
52152592	2
52170605	2
52188529	2
52206604	2
52224557	2
52242582	2
52260528	2
52278469	2
52301974	2
52319985	2
52337912	2
52355867	2
52373858	2
52391808	2
52409611	2
52427569	2
52445359	2
52463337	2
52481227	2
52499069	2
52516992	2
52534868	2
52552847	2
52570721	2
52588708	2
52606575	2
52624473	2
52642427	2
52660276	2
52678174	2
52696170	2
52714217	2
52732078	2
52749956	2
52767880	2
52785815	2
52803677	2
52821631	2
52839556	2
52857438	2
52875453	2
52893201	2
52911022	2
52929073	2
52947007	2
52965054	2
52982925	2
53000941	2
53018868	2
53036921	2
53054775	2
53072661	2
53090617	2
53108516	2
53126350	2
53144342	2
53162078	2
53179964	2
53197778	2
53215764	2
53233671	2
53251435	2
53269450	2
53287195	2
53305016	2
53322925	2
53340797	2
53358804	2
53376712	2
55200204	2
55218130	2
55236215	2
55257407	2
55275213	2
55293116	2
55311089	2
55329038	2
55346741	2
55364695	2
55382760	2
55400734	2
55418618	2
55436584	2
55454421	2
55472220	2
55490131	2
55507908	2
55525842	2
55543994	2
55561842	2
55579613	2
55597451	2
55615416	2
55633278	2
55651195	2
55669211	2
55687121	2
55705109	2
55722910	2
55740910	2
55758809	2
55776801	2
55794678	2
55812580	2
55830467	2
55848288	2
55866160	2
55884122	2
55902015	2
55919880	2
55937759	2
55955612	2
55973525	2
55991578	2
56009482	2
56027311	2
56045201	2
56063155	2
56081142	2
56099222	2
56117097	2
56135082	2
56152887	2
56170713	2
56188577	2
56206447	2
56224322	2
56242234	2
56260126	2
56277899	2
56295820	2
56313618	2
56331584	2
56349557	2
56367486	2
56385420	2
56406192	2
56424191	2
56441988	2
56459949	2
56477970	2
56495953	2
56513894	2
56531724	2
56549602	2
56567421	2
56585179	2
56603064	2
56621033	2
56638776	2
56656767	2
56674731	2
56692523	2
56710285	2
56728140	2
56745898	2
56763795	2
56781667	2
56799572	2
56817486	2
56835457	2
56853350	2
56871140	2
56889008	2
56907037	2
56925001	2
56942893	2
56960771	2
56978579	2
58799693	2
58817543	2
58835502	2
58853533	2
58871255	2
58889303	2
58907191	2
58925223	2
58943138	2
58961012	2
58978804	2
58996716	2
59014708	2
59032584	2
59050506	2
59068323	2
59086085	2
59103965	2
59121867	2
59139825	2
59157724	2
59175695	2
59193605	2
59211617	2
59229677	2
59247541	2
59265417	2
59283257	2
59301143	2
59319033	2
59337002	2
59357808	2
59375753	2
59393812	2
59411861	2
59429814	2
59447642	2
59465521	2
59483505	2
59501339	2
59519255	2
59537092	2
59555056	2
59572804	2
59590754	2
59608617	2
59626567	2
59644348	2
59662238	2
59680177	2
59697909	2
59715797	2
59733687	2
59751595	2
59769547	2
59787440	2
59805431	2
59823346	2
59841239	2
59859123	2
59876987	2
59894905	2
59912799	2
59930569	2
59948544	2
59966581	2
59984489	2
60002262	2
60020216	2
60038052	2
60055906	2
60073754	2
60091486	2
60109503	2
60127479	2
60145469	2
60163475	2
60181297	2
60199260	2
60217304	2
60235192	2
60253070	2
60271018	2
60288999	2
60306902	2
60324786	2
60342538	2
60360542	2
60378415	2
60396477	2
60414474	2
60432286	2
60450139	2
60468113	2
60485936	2
60506509	2
60524335	2
60542179	2
60560048	2
60578120	2
66007377	2
66027058	2
66046685	2
66066278	2
66085900	2
66105508	2
66120655	2
66140247	2
66159836	2
66179457	2
66199061	2
66218653	2
66238276	2
66257867	2
66277458	2
66297042	2
66316614	2
66336185	2
66355705	2
66375279	2
66394900	2
66414408	2
66433927	2
66448989	2
66468582	2
66488187	2
66507778	2
66522841	2
66542401	2
66561995	2
66581618	2
66601204	2
66620809	2
66640423	2
66660008	2
66679588	2
66699190	2
66718783	2
66733901	2
66753484	2
66773102	2
66792705	2
66812299	2
66831914	2
66851506	2
66871110	2
66890727	2
66910310	2
66929895	2
66944885	2
66964491	2
66984078	2
67003665	2
67023282	2
67042884	2
67058029	2
67077645	2
67092734	2
67112355	2
67135565	2
67155181	2
67174802	2
67194400	2
67214015	2
67233635	2
67253228	2
67272851	2
67292438	2
67312037	2
67331661	2
67351256	2
67370862	2
67385888	2
67405484	2
67425104	2
67444694	2
67464284	2
67483897	2
67503483	2
67523016	2
67542595	2
67562185	2
67581805	2
67601397	2
67620986	2
67640601	2
67660188	2
67675201	2
67694771	2
67714377	2
67733877	2
67753436	2
67773016	2
67792555	2
67812126	2
67831743	2
67851285	2
67870889	2
67890497	2
67910085	2
71653350	2
71672964	2
71692567	2
71712193	2
71731768	2
71751360	2
71771139	2
71790734	2
71805891	2
71825470	2
71845051	2
71864662	2
71884227	2
71903828	2
71923446	2
71943000	2
71962613	2
71982220	2
72001775	2
72021393	2
72040973	2
72056128	2
72072141	2
72094941	2
72114583	2
72134193	2
72153790	2
72173413	2
72193010	2
72208797	2
72228395	2
72247949	2
72267574	2
72287163	2
72306743	2
72326236	2
72342253	2
72361879	2
72381473	2
72400964	2
72420582	2
72436342	2
72455968	2
72475416	2
72495029	2
72514647	2
72534240	2
72553863	2
72573469	2
72593065	2
72609112	2
72628704	2
72644752	2
72664349	2
72683958	2
72703579	2
72723171	2
72742766	2
72762377	2
72781969	2
72801593	2
72821188	2
72840794	2
72855815	2
72875407	2
72895034	2
72914553	2
72929571	2
72949101	2
72964107	2
72983723	2
73003311	2
73022934	2
73042503	2
73062098	2
73081720	2
73101316	2
73120927	2
73140520	2
73160084	2
73179705	2
73199261	2
73218780	2
73238383	2
73257976	2
73277570	2
73297193	2
73316759	2
73336378	2
73355988	2
73375581	2
73395175	2
73414752	2
73434303	2
73453925	2
73473496	2
73493116	2
73512696	2
73532213	2
73551802	2
11661669	3
11684082	3
11702102	3
11720013	3
11737966	3
11755989	3
11774086	3
11791937	3
11809887	3
11827778	3
11845732	3
11863772	3
11881804	3
11899777	3
11917755	3
11935779	3
11953790	3
11971763	3
11989744	3
12007754	3
12025630	3
12043635	3
12061696	3
12079757	3
12097814	3
12115811	3
12133827	3
12151800	3
12169661	3
12187513	3
12205466	3
12223379	3
12241474	3
12259441	3
12277395	3
12295259	3
12313230	3
12331172	3
12349077	3
12367109	3
12385182	3
12403217	3
12421147	3
12439028	3
12457025	3
12474941	3
12492938	3
12510997	3
12530040	3
12547992	3
12565821	3
12587262	3
12605224	3
12623183	3
12641161	3
12659187	3
12677200	3
12695263	3
12713336	3
12731370	3
12749445	3
12767505	3
12785436	3
12803359	3
12821276	3
12839226	3
12857189	3
12875084	3
12892991	3
12911021	3
12929118	3
12947170	3
12965125	3
12983073	3
13001002	3
13019210	3
13037124	3
13055018	3
13072973	3
13090887	3
13108831	3
13126776	3
13144756	3
13162662	3
13180618	3
13198676	3
13216659	3
13234560	3
13252528	3
13270473	3
13288463	3
13306475	3
13324375	3
13342336	3
13360359	3
13378338	3
13396328	3
13414476	3
13432641	3
13450882	3
19000730	3
19018822	3
19036982	3
19054973	3
19072958	3
19091051	3
19109292	3
19127215	3
19145387	3
19163546	3
19181637	3
19199755	3
19217757	3
19235975	3
19253947	3
19282330	3
19300500	3
19318718	3
19336849	3
19354902	3
19373188	3
19391341	3
19409580	3
19427723	3
19445621	3
19463784	3
19481916	3
19500487	3
19518920	3
19537224	3
19555566	3
19573809	3
19592534	3
19611097	3
19629458	3
19647646	3
19665681	3
19684033	3
19702131	3
19720356	3
19738506	3
19756704	3
19774884	3
19793062	3
19811084	3
19829221	3
19847492	3
19865671	3
19883939	3
19901973	3
19920061	3
19938087	3
19956150	3
19974341	3
19992343	3
20010657	3
20028970	3
20047053	3
20065168	3
20083163	3
20101386	3
20119411	3
20137517	3
20155581	3
20173633	3
20191780	3
20209948	3
20228083	3
20246284	3
20264430	3
20282620	3
20300849	3
20318964	3
20337075	3
20355210	3
20373488	3
20391683	3
20409749	3
20427998	3
20453178	3
20471379	3
20489468	3
20507578	3
20525767	3
20543895	3
20562004	3
20580092	3
20598160	3
20616289	3
20634421	3
20652536	3
20670791	3
20688933	3
20707127	3
20725299	3
20743442	3
20761545	3
20779706	3
20798037	3
20816115	3
22660717	3
22679007	3
22697199	3
22715269	3
22733370	3
22751600	3
22769959	3
22788157	3
22806220	3
22824362	3
22842502	3
22860694	3
22878767	3
22896908	3
22915165	3
22933286	3
22951466	3
22969555	3
22987544	3
23005844	3
23023943	3
23042250	3
23060529	3
23078542	3
23096644	3
23114943	3
23133351	3
23151520	3
23169571	3
23187811	3
23206016	3
23224081	3
23242150	3
23260408	3
23278492	3
23296869	3
23315030	3
23333464	3
23352016	3
23370292	3
23388703	3
23406903	3
23425414	3
23464148	3
23482163	3
23500192	3
23518540	3
23536939	3
23555544	3
23573891	3
23592246	3
23610375	3
23628807	3
23647148	3
23665340	3
23683537	3
23701674	3
23720212	3
23738337	3
23756320	3
23774485	3
23792636	3
23810647	3
23828792	3
23846840	3
23864974	3
23882982	3
23901035	3
23919306	3
23937431	3
23955665	3
23973743	3
23991921	3
24010084	3
24028060	3
24045993	3
24063965	3
24081879	3
24100007	3
24117973	3
24136005	3
24153984	3
24171918	3
24189887	3
24207863	3
24225739	3
24243736	3
24261729	3
24279808	3
24297849	3
24315908	3
24333889	3
24351799	3
24369715	3
24387916	3
24405931	3
24424105	3
24442074	3
24460051	3
24478038	3
26307525	3
26325499	3
26343452	3
26361458	3
26379385	3
26397439	3
26415369	3
26439234	3
26457329	3
26475217	3
26493193	3
26511189	3
26529214	3
26547216	3
26565112	3
26583104	3
26601146	3
26619199	3
26637340	3
26655335	3
26673413	3
26691473	3
26709393	3
26727255	3
26745320	3
26763273	3
26781131	3
26799105	3
26817022	3
26834928	3
26852995	3
26870948	3
26888878	3
26906806	3
26924647	3
26943053	3
26961937	3
26980469	3
26998671	3
27016802	3
27034956	3
27052877	3
27070835	3
27088894	3
27106886	3
27124817	3
27142704	3
27160832	3
27178960	3
27196944	3
27214887	3
27232755	3
27250835	3
27268794	3
27286727	3
27304757	3
27322799	3
27340753	3
27358641	3
27376573	3
27394497	3
27412493	3
27430500	3
27448565	3
27466580	3
27484660	3
27502627	3
27520544	3
27538434	3
27556396	3
27574339	3
27595040	3
27613103	3
27631016	3
27648998	3
27666906	3
27684914	3
27702926	3
27720797	3
27738881	3
27756870	3
27774792	3
27792807	3
27810785	3
27828964	3
27846883	3
27864844	3
27882798	3
27900733	3
27918685	3
27936519	3
27954542	3
27972429	3
27990341	3
28008259	3
28026290	3
28044301	3
28062285	3
28080069	3
28097985	3
31775196	3
31793408	3
31811494	3
31829510	3
31847347	3
31865443	3
31883568	3
31901574	3
31919640	3
31937845	3
31956045	3
31974198	3
31992426	3
32010669	3
32028584	3
32046457	3
32064412	3
32082299	3
32100147	3
32118063	3
32135884	3
32153685	3
32171457	3
32189355	3
32207236	3
32225218	3
32243114	3
32261005	3
32278778	3
32296765	3
32314707	3
32332625	3
32350411	3
32368274	3
32386188	3
32410038	3
32428001	3
32445897	3
32463852	3
32481841	3
32499827	3
32517637	3
32535514	3
32553401	3
32571310	3
32589204	3
32607058	3
32625006	3
32642840	3
32660756	3
32678637	3
32696519	3
32714456	3
32732332	3
32750268	3
32768108	3
32785890	3
32803787	3
32821644	3
32839623	3
32857495	3
32875486	3
32893347	3
32911340	3
32929103	3
32946835	3
32964650	3
32982555	3
33000465	3
33018365	3
33036223	3
33054025	3
33071888	3
33089832	3
33107867	3
33125763	3
33143675	3
33161509	3
33179510	3
33197411	3
33215320	3
33233066	3
33251066	3
33269519	3
33287478	3
33305299	3
33323071	3
33340907	3
33358814	3
33376649	3
33394572	3
33412390	3
33430327	3
33448310	3
33466259	3
33484108	3
33501932	3
33519821	3
33537772	3
33562897	3
40806145	3
40824195	3
40842296	3
40860360	3
40878375	3
40896498	3
40914441	3
40932387	3
40950363	3
40968340	3
40986384	3
41004308	3
41022193	3
41040117	3
41058074	3
41075972	3
41093707	3
41111612	3
41129602	3
41147631	3
41165678	3
41183560	3
41201514	3
41219561	3
41237559	3
41255408	3
41273474	3
41291340	3
41309318	3
41327181	3
41345107	3
41363365	3
41381411	3
41399490	3
41417333	3
41435350	3
41453328	3
41471285	3
41489219	3
41507278	3
41525282	3
41543139	3
41561172	3
41579146	3
41597134	3
41615149	3
41633153	3
41651147	3
41669142	3
41687044	3
41705101	3
41723028	3
41741093	3
41758971	3
41776867	3
41794916	3
41812752	3
41830753	3
41848603	3
41866621	3
41884578	3
41902534	3
41920598	3
41943838	3
41961796	3
41982050	3
41999944	3
42017721	3
42035630	3
42053687	3
42071939	3
42090066	3
42108205	3
42126073	3
42144172	3
42162023	3
42180049	3
42197967	3
42215757	3
42233655	3
42251619	3
42269452	3
42287414	3
42305386	3
42323285	3
42341192	3
42359130	3
42377111	3
42395077	3
42412991	3
42430908	3
42448843	3
42466795	3
42484758	3
42502827	3
42520811	3
42538678	3
42556760	3
42574729	3
42592688	3
46210742	3
46228725	3
46246653	3
46264582	3
46282406	3
46300364	3
46318235	3
46336231	3
46354194	3
46372096	3
46389880	3
46407783	3
46425668	3
46443552	3
46461473	3
46479222	3
46496978	3
46514696	3
46532461	3
46550222	3
46567994	3
46585786	3
46603747	3
46621612	3
46639478	3
46657419	3
46675321	3
46696214	3
46714077	3
46731870	3
46749841	3
46767706	3
46785512	3
46803504	3
46821421	3
46839169	3
46857058	3
46874955	3
46892845	3
46910724	3
46928678	3
46946558	3
46964469	3
46982236	3
47000081	3
47017815	3
47035634	3
47053587	3
47071475	3
47089384	3
47107218	3
47124880	3
47142754	3
47160674	3
47178619	3
47196471	3
47214272	3
47232255	3
47250166	3
47268029	3
47285943	3
47303919	3
47321803	3
47339667	3
47357555	3
47375431	3
47393288	3
47411283	3
47429209	3
47447103	3
47465011	3
47482956	3
47500811	3
47518656	3
47536589	3
47554590	3
47572470	3
47590479	3
47608296	3
47626048	3
47643946	3
47661856	3
47679920	3
47697797	3
47715561	3
47733413	3
47751280	3
47769145	3
47786961	3
47805019	3
47823001	3
47843492	3
47861411	3
47879266	3
47897072	3
47914923	3
47932877	3
47950784	3
47968632	3
47986573	3
49803143	3
49821043	3
49838862	3
49856739	3
49874528	3
49892435	3
49910396	3
49928253	3
49945977	3
49966643	3
49984567	3
50002496	3
50020372	3
50038121	3
50056007	3
50073933	3
50091739	3
50109699	3
50127691	3
50145601	3
50163397	3
50181403	3
50199315	3
50217205	3
50234936	3
50252879	3
50270744	3
50288519	3
50306430	3
50324233	3
50342018	3
50360006	3
50377998	3
50396081	3
50413950	3
50431843	3
50449639	3
50467495	3
50485431	3
50503202	3
50520909	3
50538833	3
50556753	3
50574524	3
50592345	3
50610212	3
50628182	3
50646033	3
50663815	3
50681583	3
50699477	3
50717268	3
50735150	3
50752939	3
50770823	3
50791884	3
50809754	3
50827605	3
50845415	3
50863328	3
50881188	3
50899197	3
50917189	3
50935062	3
50953032	3
50970995	3
50989004	3
51006930	3
51024592	3
51042572	3
51060512	3
51078459	3
51096283	3
51114099	3
51131903	3
51149715	3
51167496	3
51185248	3
51203140	3
51220966	3
51238937	3
51256820	3
51274641	3
51292391	3
51310323	3
51328158	3
51346023	3
51363990	3
51381818	3
51399646	3
51417470	3
51435255	3
51453028	3
51470904	3
51488830	3
51506659	3
51524561	3
51542412	3
51560376	3
51578231	3
64196421	3
64214521	3
64232464	3
64250399	3
64268473	3
64286561	3
64304605	3
64322688	3
64340665	3
64358851	3
64376798	3
64394698	3
64412660	3
64430486	3
64448547	3
64466387	3
64484479	3
64502396	3
64520509	3
64542938	3
64560917	3
64579002	3
64596975	3
64614942	3
64632799	3
64650701	3
64668609	3
64686592	3
64704560	3
64722539	3
64740528	3
64758550	3
64776620	3
64794658	3
64812562	3
64830658	3
64848534	3
64866565	3
64884697	3
64902796	3
64920826	3
64938714	3
64956716	3
64974607	3
64992606	3
65010533	3
65028503	3
65046445	3
65064384	3
65082366	3
65100407	3
65118381	3
65136326	3
65154346	3
65172344	3
65190354	3
65208494	3
65226589	3
65244484	3
65262529	3
65280505	3
65298608	3
65316734	3
65334746	3
65352657	3
65370563	3
65388546	3
65406618	3
65424680	3
65442511	3
65460450	3
65478460	3
65496538	3
65514608	3
65532604	3
65550646	3
65568617	3
65586663	3
65604576	3
65622587	3
65640531	3
65658543	3
65676579	3
65697216	3
65715127	3
65733286	3
65751360	3
65769325	3
65787309	3
65805324	3
65823408	3
65841498	3
65859543	3
65877477	3
65895544	3
65913459	3
65931688	3
65949640	3
65969069	3
65987139	3
67928548	3
67946568	3
67964619	3
67982579	3
68000604	3
68018605	3
68036591	3
68054685	3
68072676	3
68090567	3
68108651	3
68126635	3
68144572	3
68162546	3
68180608	3
68198650	3
68216537	3
68234603	3
68252557	3
68270600	3
68288360	3
68306328	3
68324412	3
68342370	3
68360319	3
68378296	3
68396331	3
68414385	3
68432433	3
68450349	3
68468306	3
68486300	3
68504307	3
68522360	3
68540509	3
68558438	3
68576391	3
68594389	3
68612460	3
68630405	3
68648496	3
68666577	3
68684530	3
68702603	3
68720617	3
68738670	3
68756629	3
68777681	3
68795805	3
68813762	3
68831670	3
68849591	3
68867700	3
68885625	3
68903643	3
68921616	3
68939442	3
68957434	3
68975489	3
68993532	3
69011509	3
69029427	3
69047405	3
69065510	3
69083520	3
69101472	3
69119455	3
69137460	3
69155416	3
69173445	3
69191482	3
69209459	3
69227460	3
69245428	3
69263411	3
69281447	3
69299459	3
69317447	3
69335384	3
69353241	3
69371212	3
69389162	3
69407135	3
69424927	3
69442807	3
69460850	3
69478830	3
69496878	3
69514620	3
69532511	3
69550423	3
69568442	3
69586377	3
69604303	3
69622393	3
69640467	3
69658440	3
69676486	3
69694529	3
69712507	3
