1525948	0
1548006	0
1567642	0
1587237	0
1606861	0
1626452	0
1645927	0
1665488	0
1685081	0
1704703	0
1725196	0
1744813	0
1764445	0
1784042	0
1803646	0
1823260	0
1842840	0
1862432	0
1882742	0
1902340	0
1921970	0
1941578	0
1961175	0
1980800	0
2000308	0
2019693	0
2039291	0
2058876	0
2073634	0
2088631	0
2108246	0
2128489	0
2148121	0
2167751	0
2187349	0
2206965	0
2226586	0
2242682	0
2264252	0
2282860	0
2302174	0
2320459	0
2339470	0
2357896	0
2376183	0
2395114	0
2412935	0
2430454	0
2447925	0
2465279	0
2482522	0
2505474	0
2524419	0
2542244	0
2559862	0
2577404	0
2595167	0
2612504	0
2630540	0
2648533	0
2665895	0
2683304	0
2700665	0
2718737	0
2737196	0
2755868	0
2774673	0
2793288	0
2811621	0
2830488	0
2848763	0
2867210	0
2885330	0
2903368	0
2922102	0
2941069	0
2960299	0
2980148	0
2998682	0
3017426	0
3035906	0
3054521	0
3072919	0
3091028	0
3109182	0
3127513	0
3144930	0
3162313	0
3179926	0
3198170	0
3216499	0
3350853	0
3368055	0
3385313	0
3402511	0
3419910	0
3437962	0
3455841	0
3473766	0
3491587	0
15485275	0
15504586	0
15524196	0
15543826	0
15563428	0
15583036	0
15602656	0
15622253	0
15641876	0
15661487	0
15681083	0
15700708	0
15720305	0
15739910	0
15759509	0
15786027	0
15805642	0
15825275	0
15844878	0
15864488	0
15884112	0
15903701	0
15918778	0
15934649	0
15954260	0
15973844	0
15993413	0
16013022	0
16032572	0
16052175	0
16071796	0
16086776	0
16106388	0
16125975	0
16145579	0
16165195	0
16184762	0
16206750	0
16226344	0
16245904	0
16265530	0
16285136	0
16304735	0
16324360	0
16343957	0
16363555	0
16383173	0
16402700	0
16422304	0
16441917	0
16461504	0
16477631	0
16497218	0
16512189	0
16531781	0
16551387	0
16570989	0
16590575	0
16610186	0
16629792	0
16644801	0
16664335	0
16683922	0
16698925	0
16713903	0
16733521	0
16753104	0
16773818	0
16793447	0
16813038	0
16832642	0
16847661	0
16867256	0
16886859	0
16906428	0
16926035	0
16945645	0
16965231	0
16984850	0
17005989	0
17025595	0
17045212	0
17064814	0
17084374	0
17103990	0
17123558	0
17143176	0
17162785	0
17177767	0
17197348	0
17216933	0
17236508	0
17256117	0
17275692	0
17295310	0
17314903	0
17329864	0
17349470	0
17369051	0
17388643	0
17430306	0
17449949	0
17469551	0
17489163	0
17508757	0
17528346	0
17547910	0
17567498	0
17587075	0
17606696	0
17626260	0
17645754	0
17665334	0
17684525	0
17702650	0
17720978	0
17739879	0
17759557	0
17779301	0
17798970	0
17818847	0
17838842	0
17858881	0
17878934	0
17898894	0
17918677	0
17939211	0
17959263	0
17979405	0
17999283	0
18019508	0
18039384	0
18059842	0
18079910	0
18099822	0
18120012	0
18139779	0
18160157	0
18180070	0
18200786	0
18220699	0
18241126	0
18261060	0
18292577	0
18312341	0
18332366	0
18352476	0
18374251	0
18397957	0
18416750	0
18435421	0
18455417	0
18474933	0
18494635	0
18514516	0
18534396	0
18554211	0
18573886	0
18593755	0
18613887	0
18633981	0
18653722	0
18673957	0
18693595	0
18713380	0
18732755	0
18752412	0
18772308	0
18792336	0
18812103	0
18831925	0
18851203	0
18869700	0
18888245	0
18906373	0
18924787	0
18942886	0
18960800	0
18979043	0
18997326	0
19015419	0
19032627	0
19049912	0
19067151	0
19084278	0
19101456	0
19118665	0
19135877	0
19153085	0
19170905	0
19188929	0
19206761	0
19224507	0
19242477	0
19260420	0
19278451	0
19296414	0
19314210	0
19332176	0
19350198	0
19393463	0
19411384	0
19429441	0
19447464	0
19465559	0
19483212	0
19501232	0
19523828	0
19541652	0
19559726	0
19577835	0
19595999	0
19614325	0
19632609	0
19650650	0
19668544	0
19686626	0
19703954	0
19721777	0
19739893	0
19758088	0
19776484	0
19794623	0
19813104	0
19831434	0
19849518	0
19867413	0
19885760	0
19903938	0
19921994	0
19940235	0
19958469	0
19976804	0
19996172	0
20014006	0
20031333	0
20049371	0
20067769	0
20086034	0
20104383	0
20122593	0
20140800	0
20158773	0
20177063	0
20214559	0
20234245	0
20253861	0
20273464	0
20293177	0
20312779	0
20353632	0
20373237	0
20392947	0
20412570	0
20432168	0
20451798	0
20466821	0
20486417	0
20505805	0
20525400	0
20545023	0
20564351	0
20583950	0
20603728	0
20623262	0
20642867	0
20662470	0
20681489	0
20701104	0
20720695	0
20740266	0
20763801	0
20783413	0
20803015	0
20822646	0
20842242	0
20861858	0
20881473	0
20901063	0
20920686	0
20940284	0
20959765	0
20979319	0
20998880	0
21018486	0
21038049	0
21057606	0
21077426	0
21097021	0
21116691	0
21136913	0
21156681	0
21176513	0
21196322	0
21215885	0
21234819	0
21254375	0
21274194	0
21294001	0
21313578	0
55997944	0
56019877	0
56041635	0
56063357	0
56085087	0
56106831	0
56128559	0
56150279	0
56172021	0
56197634	0
56219301	0
56241039	0
56262447	0
56284173	0
56305895	0
56327639	0
56349367	0
56371026	0
56392764	0
56414496	0
56436208	0
56457934	0
56479674	0
56501383	0
56523088	0
56544556	0
56566121	0
56587835	0
56609573	0
56631301	0
56653011	0
56674744	0
56696821	0
56716412	0
56735635	0
56760465	0
56780068	0
56799689	0
56819025	0
56838618	0
56858242	0
56877844	0
56897408	0
56917025	0
56936226	0
56955790	0
56975379	0
56994946	0
57014551	0
57029550	0
57044682	0
57064207	0
57083746	0
57103248	0
57122830	0
57138446	0
57157873	0
57177036	0
57196652	0
57211696	0
57231295	0
57250507	0
57270109	0
57289725	0
57309196	0
57328773	0
57348352	0
57367927	0
57387548	0
57407119	0
57426711	0
57446279	0
57465761	0
57485351	0
57504930	0
57524302	0
57543897	0
57563474	0
57583076	0
57602678	0
57622271	0
57637354	0
57656944	0
57672710	0
57692242	0
57711831	0
57726838	0
57746037	0
57765633	0
57780677	0
57800265	0
57815255	0
57834847	0
57854463	0
57874026	0
57893576	0
57913146	0
57932699	0
57952313	0
57975048	0
58018903	0
58038540	0
58058112	0
58077739	0
58097342	0
58116945	0
58136570	0
58156163	0
58171190	0
58190756	0
58205770	0
58225380	0
58244971	0
58260145	0
58279676	0
58299289	0
58318902	0
58338466	0
58358088	0
58377685	0
58392703	0
58412246	0
58431802	0
58446839	0
58466389	0
58486001	0
58501062	0
58520639	0
58540257	0
58559787	0
58579381	0
58598943	0
58618532	0
58638145	0
58657738	0
58672686	0
58692280	0
58711774	0
58726847	0
58746430	0
58766012	0
58785112	0
58804680	0
58824263	0
58843854	0
58863451	0
58878458	0
58898015	0
58917107	0
58936631	0
58951651	0
58971239	0
58990837	0
59010457	0
59030045	0
59049582	0
59069123	0
59088209	0
59107302	0
59126883	0
59146481	0
59166044	0
59185546	0
59208910	0
59228544	0
59243288	0
59262916	0
59282513	0
59302117	0
59321740	0
59341317	0
59360931	0
59380532	0
59395535	0
59415094	0
59434669	0
59454234	0
59473816	0
59493273	0
59512879	0
59532465	0
59547549	0
59567141	0
59586728	0
59606340	0
59625928	0
59645528	0
59665145	0
59684731	0
59704297	0
59723900	0
59743479	0
59763098	0
59782679	0
59802271	0
59821877	0
59841456	0
59856551	0
59876128	0
59895726	0
59936038	0
59955611	0
59975229	0
59994803	0
60014412	0
60034021	0
60049136	0
60068750	0
60088236	0
60107854	0
60127292	0
60146889	0
60166510	0
60188558	0
60208186	0
60227819	0
60247408	0
60267030	0
60286635	0
60306229	0
60325857	0
60345408	0
60364984	0
60384585	0
60404175	0
60423786	0
60443335	0
60465675	0
60485305	0
60504921	0
60524518	0
60544147	0
60563732	0
60583328	0
60602951	0
60622487	0
60642095	0
60661719	0
60681311	0
60700934	0
60720509	0
60739885	0
60759472	0
60779062	0
60804999	0
60824633	0
60844239	0
60863854	0
60883479	0
60903038	0
60922660	0
60942268	0
60961863	0
60981486	0
61001061	0
61020662	0
61035779	0
61055288	0
61074898	0
61094448	0
61114035	0
61129230	0
61148822	0
61168435	0
61188005	0
61207571	0
61227175	0
61248020	0
61267063	0
61282088	0
61301411	0
61320989	0
61340578	0
61360191	0
61379799	0
61399391	0
61418945	0
61438537	0
61458139	0
61477758	0
61497310	0
61516924	0
61536493	0
61556083	0
61571698	0
61591204	0
61610819	0
61630424	0
61650013	0
61669634	0
61689228	0
61710395	0
61730031	0
61749084	0
61768697	0
61788316	0
61807910	0
61827527	0
61847098	0
61862285	0
61902383	0
61922010	0
61941560	0
61961158	0
61980783	0
62000376	0
62019982	0
62039537	0
62059075	0
62078604	0
62098161	0
62117722	0
62137322	0
62156916	0
62171936	0
62191523	0
62210461	0
62230076	0
62249631	0
62269240	0
62288852	0
62308096	0
62323178	0
62342746	0
62362343	0
62381908	0
62401450	0
62421048	0
62440634	0
62460230	0
62475309	0
62494876	0
62514492	0
62534040	0
62553591	0
62573190	0
62592755	0
62611737	0
62626799	0
62646378	0
62665984	0
62685523	0
62705092	0
62724681	0
62744156	0
62763777	0
62778825	0
62798419	0
62818023	0
62837561	0
62857137	0
62876733	0
62896331	0
62915951	0
62930997	0
62952253	0
62971867	0
62991406	0
63006487	0
63026082	0
63045707	0
63065181	0
63084763	0
63099773	0
63119351	0
63134366	0
63153943	0
63173545	0
63188529	0
63208131	0
63227730	0
63243301	0
63262922	0
63282508	0
63302102	0
63321714	0
63341282	0
63360896	0
63380504	0
63395552	0
63415157	0
63431173	0
63450794	0
63466367	0
63485981	0
63505589	0
63525160	0
63540767	0
63560354	0
63579844	0
63599426	0
63614569	0
63634165	0
63653747	0
63668760	0
63683801	0
63703406	0
63719431	0
63739035	0
63754633	0
63794497	0
63813900	0
63833504	0
63853121	0
63872708	0
63892351	0
63911619	0
63931214	0
63950825	0
63970423	0
63989987	0
64009381	0
64028965	0
64048581	0
64068186	0
64087772	0
64107396	0
64126988	0
64146590	0
64168087	0
64189272	0
64208990	0
64228378	0
64247976	0
64267574	0
64287191	0
64306787	0
64326112	0
64345706	0
64365303	0
64384287	0
64403874	0
64423234	0
64443756	0
64463354	0
64482917	0
64502509	0
64522107	0
64541691	0
64561280	0
64580892	0
64600442	0
64620031	0
64639635	0
64659234	0
64678792	0
64698413	0
64718004	0
64737612	0
64757226	0
64776796	0
64791841	0
64807930	0
64823021	0
64842568	0
64857609	0
64873702	0
64888789	0
64908284	0
64927883	0
64944003	0
64963572	0
64979623	0
64999196	0
65018763	0
65038380	0
65053377	0
65072968	0
65092455	0
65107542	0
65123635	0
65138676	0
65153655	0
65168743	0
65188235	0
65207838	0
65223955	0
65243526	0
65259576	0
65279149	0
65298720	0
65318330	0
65337588	0
65359171	0
65378787	0
65398393	0
65418026	0
65437623	0
65457234	0
65476853	0
65496193	0
65515811	0
65535364	0
65554957	0
65570072	0
65589657	0
65609223	0
65624239	0
65643762	0
65663350	0
65703279	0
65718337	0
65737951	0
65757562	0
65776837	0
65796401	0
65816001	0
65835599	0
65855221	0
65874815	0
65894421	0
65914027	0
65933616	0
65953228	0
65972826	0
65992418	0
66012039	0
66031631	0
66051233	0
66070851	0
66090437	0
66109972	0
66129577	0
66149168	0
66168786	0
66188376	0
66207972	0
66227590	0
66247177	0
66266781	0
66286026	0
66305617	0
66325237	0
66344826	0
66364428	0
66384028	0
66403613	0
66423181	0
66442765	0
66462340	0
66481961	0
66501529	0
66521028	0
66536097	0
66555663	0
66575312	0
66590304	0
66609916	0
66629473	0
66644475	0
66664089	0
66683287	0
66702904	0
66722430	0
66742015	0
66761612	0
66781186	0
66796205	0
66815801	0
66835396	0
66855014	0
66874604	0
66894209	0
66913818	0
66933357	0
66948383	0
66967972	0
66983000	0
67002596	0
67022178	0
67041797	0
67061379	0
67080946	0
67095955	0
67115532	0
67135152	0
67154739	0
67174349	0
67193958	0
67213397	0
67232969	0
67247963	0
67267575	0
67282587	0
67302186	0
67321790	0
67341376	0
67360984	0
67380549	0
67395547	0
67415144	0
67434677	0
67454291	0
67473896	0
67493485	0
67513099	0
67532646	0
67547660	0
67567264	0
67582271	0
3539155	1
3563407	1
3583542	1
3603606	1
3623590	1
3643698	1
3663797	1
3681180	1
3699908	1
3719099	1
3738210	1
3759985	1
3778631	1
3797146	1
3816185	1
3835499	1
3854474	1
3873519	1
3892010	1
3911847	1
3931955	1
3947434	1
3967517	1
3987614	1
4007701	1
4027763	1
4047847	1
4067929	1
4086967	1
4102356	1
4122434	1
4142506	1
4162559	1
4182621	1
4207374	1
4222888	1
4242973	1
4263004	1
4283070	1
4299521	1
4319604	1
4339654	1
4359763	1
4375123	1
4395226	1
4415336	1
4435415	1
4455493	1
4475595	1
4495627	1
4511032	1
4531112	1
4551206	1
4571308	1
4591372	1
4611443	1
4626825	1
4646894	1
4667957	1
4687536	1
4707142	1
4726755	1
4746336	1
4762463	1
4782027	1
4801629	1
4819362	1
4838922	1
4858431	1
4878024	1
4897596	1
4917215	1
4936779	1
4956385	1
4975978	1
4997584	1
5017160	1
5036771	1
5051783	1
5071005	1
5090587	1
5110203	1
5129775	1
5149368	1
5164410	1
5183998	1
5203618	1
5223222	1
5242801	1
5262412	1
5277453	1
5296995	1
5316581	1
5331607	1
5346561	1
5361721	1
5381275	1
5400840	1
5415864	1
5435445	1
23296581	1
23316354	1
23335968	1
23355601	1
23375194	1
23394813	1
23414403	1
23433997	1
23453618	1
23473120	1
23492723	1
23508762	1
23528327	1
23547942	1
23567529	1
23587121	1
23606720	1
23626274	1
23645858	1
23665476	1
23684971	1
23704568	1
23724175	1
23743770	1
23763394	1
23782989	1
23802588	1
23822190	1
23837227	1
23856842	1
23876419	1
23896007	1
23915622	1
23935161	1
23954775	1
23974382	1
23993937	1
24008977	1
24023950	1
24056553	1
24075758	1
24095363	1
24114975	1
24134601	1
24154194	1
24173812	1
24198884	1
24218453	1
24238055	1
24257773	1
24277369	1
24296941	1
24316506	1
24336101	1
24355726	1
24375257	1
24394863	1
24414471	1
24434000	1
24453620	1
24473176	1
24492760	1
24512333	1
24531571	1
24551171	1
24566173	1
24581185	1
24605187	1
24624786	1
24644363	1
24663982	1
24683489	1
24703101	1
24722691	1
24742284	1
24761880	1
24776966	1
24796544	1
24811528	1
24831124	1
24850738	1
24870326	1
24885335	1
24904894	1
24924487	1
24944082	1
24963669	1
24983255	1
25002850	1
25022433	1
25042051	1
25061581	1
25081146	1
25100717	1
25120309	1
25139950	1
25154948	1
25174573	1
25194185	1
25213749	1
25256967	1
25276566	1
25296197	1
25323666	1
25343268	1
25362890	1
25382512	1
25402106	1
25421635	1
25441240	1
25460310	1
25479934	1
25499513	1
25515552	1
25535139	1
25554732	1
25574355	1
25593930	1
25613510	1
25633124	1
25652697	1
25671974	1
25686982	1
25706591	1
25726179	1
25745738	1
25765354	1
25784954	1
25804545	1
25824161	1
25843749	1
25858713	1
25878306	1
25897883	1
25917503	1
25937075	1
25956680	1
25976263	1
25995848	1
26010877	1
26030460	1
26050039	1
26065049	1
26080065	1
26099671	1
26119255	1
26138874	1
26153811	1
26173419	1
26193012	1
26212603	1
26232204	1
26251797	1
26271366	1
26290983	1
26305977	1
26325591	1
26345154	1
26364731	1
26384345	1
26399386	1
26419002	1
26438591	1
26453553	1
26473149	1
26492722	1
26512344	1
26534019	1
26553631	1
26573259	1
26592855	1
26612464	1
26632059	1
26651649	1
26671267	1
26690641	1
26705636	1
26725247	1
26744824	1
26764445	1
26779469	1
26799084	1
26818689	1
26834614	1
26849657	1
26868981	1
26888601	1
26908195	1
26927795	1
26942872	1
26962462	1
26982082	1
27001653	1
27017427	1
27037035	1
27056636	1
27075786	1
27095380	1
27114981	1
27130053	1
27165980	1
27185575	1
27205193	1
27224805	1
27244290	1
27263913	1
27283512	1
27303102	1
27319110	1
27338677	1
27358220	1
27377810	1
27397330	1
27416923	1
27431913	1
27451330	1
27470926	1
27490115	1
27509723	1
27529108	1
27548723	1
27567922	1
27583498	1
27598584	1
27618175	1
27637778	1
27657361	1
27676554	1
27696161	1
27715731	1
27735149	1
27755859	1
27775457	1
27796185	1
27815789	1
27835387	1
27855006	1
27874570	1
27889736	1
27909307	1
27924335	1
27943946	1
27963528	1
27983150	1
28002746	1
28022295	1
28037382	1
28056966	1
28076583	1
28096177	1
28111192	1
28130772	1
28150358	1
28169961	1
28191614	1
28210743	1
28230290	1
28249877	1
28269493	1
28289118	1
28308713	1
28327949	1
28347501	1
28367099	1
28386726	1
28406203	1
28425812	1
28445406	1
28464998	1
28484607	1
28504198	1
28523794	1
28543372	1
28562961	1
28582568	1
28602182	1
28621712	1
28641294	1
28660877	1
28680469	1
28700091	1
28719684	1
28738958	1
28758577	1
28773574	1
28788699	1
28808278	1
28827896	1
28847497	1
28862551	1
28882151	1
28901720	1
28916701	1
28936290	1
28955900	1
28976243	1
28995305	1
29014911	1
29034518	1
29054118	1
67695418	1
67715165	1
67734802	1
67754414	1
67774015	1
67793644	1
67813244	1
67832857	1
67852481	1
67872075	1
67891661	1
67911273	1
67930870	1
67950495	1
67970091	1
67989695	1
68009301	1
68028863	1
68048479	1
68063289	1
68082895	1
68102512	1
68117565	1
68137182	1
68156770	1
68176340	1
68198364	1
68217970	1
68237593	1
68257219	1
68276808	1
68296400	1
68316002	1
68335555	1
68355178	1
68374751	1
68394311	1
68409374	1
68428946	1
68448567	1
68468161	1
68487773	1
68507391	1
68526980	1
68546599	1
68561781	1
68581391	1
68601003	1
68620589	1
68640148	1
68659737	1
68679331	1
68698950	1
68718541	1
68738121	1
68757739	1
68773315	1
68792937	1
68812530	1
68834794	1
68854393	1
68873994	1
68893577	1
68912531	1
68932124	1
68951737	1
68971332	1
68990865	1
69010384	1
69029846	1
69049435	1
69069032	1
69088618	1
69108224	1
69127805	1
69147404	1
69167025	1
69183110	1
69202714	1
69222279	1
69241871	1
69261487	1
69281072	1
69300678	1
69320278	1
69339525	1
69359142	1
69378717	1
69393785	1
69413397	1
69432884	1
69452491	1
69472091	1
69488189	1
69507788	1
69527341	1
69546957	1
69566554	1
69586142	1
69605761	1
69647468	1
69667112	1
69686714	1
69746468	1
69766152	1
69785774	1
69805378	1
69825006	1
69844597	1
69864205	1
69883830	1
69903408	1
69923026	1
69942618	1
69957616	1
69977213	1
69996784	1
70012620	1
70030878	1
70049808	1
70068242	1
70087179	1
70106815	1
70129047	1
70148620	1
70167915	1
70187488	1
70207098	1
70225687	1
70243982	1
70261912	1
70280057	1
70299722	1
70319333	1
70338205	1
70357280	1
70375569	1
70394074	1
70412251	1
70430239	1
70448320	1
70467531	1
70487161	1
70506789	1
70526415	1
70544921	1
70564533	1
70583178	1
70601381	1
70620148	1
70639785	1
70659401	1
70678834	1
70697022	1
70715215	1
70733171	1
70751990	1
70771612	1
70791188	1
70810739	1
70826879	1
70846483	1
70866083	1
70885700	1
70905294	1
70924893	1
70944510	1
70959654	1
70974666	1
70994242	1
71013862	1
71033459	1
71053031	1
71072653	1
71092242	1
71111854	1
71131452	1
71151044	1
71170667	1
71190265	1
71209863	1
71229431	1
71244424	1
71264028	1
71279617	1
71299143	1
71318751	1
71340583	1
71360214	1
71379817	1
71399415	1
71419043	1
71438641	1
71458244	1
71477784	1
71497370	1
71516971	1
71536557	1
71556122	1
71575729	1
71615898	1
71635321	1
71654915	1
71674486	1
71694064	1
71713634	1
71733263	1
71748088	1
71767702	1
71782762	1
71802357	1
71821961	1
71841529	1
71861127	1
71880735	1
71900303	1
71919912	1
71939213	1
71958814	1
71978438	1
71998027	1
72013059	1
72032652	1
72052243	1
72071863	1
72091404	1
72110984	1
72130580	1
72150168	1
72169588	1
72197049	1
72216682	1
72236287	1
72251361	1
72270968	1
72286583	1
72305767	1
72325360	1
72344958	1
72364560	1
72384180	1
72403745	1
72423361	1
72442958	1
72457764	1
72472786	1
72492325	1
72511931	1
72531506	1
72551096	1
72570712	1
72591451	1
72611078	1
72630697	1
72650289	1
72669733	1
72689299	1
72704333	1
72723938	1
72743460	1
72758538	1
72778103	1
72797702	1
72817308	1
72836899	1
72851981	1
72867115	1
72887828	1
72907432	1
72926997	1
72946619	1
72966206	1
72985801	1
73005408	1
73024971	1
73044588	1
73064153	1
73083751	1
73103371	1
73122959	1
73142570	1
73162180	1
73181745	1
73201343	1
73220872	1
73240470	1
73259980	1
73279556	1
73298934	1
73318483	1
73338027	1
73354160	1
73373514	1
73392996	1
73408001	1
73424118	1
73443676	1
73463264	1
73478334	1
73497914	1
73537394	1
73552440	1
73572057	1
73591641	1
73611236	1
73626225	1
73642237	1
73661817	1
73681389	1
73701002	1
73720582	1
73740154	1
73759755	1
73774739	1
73794359	1
73815161	1
73834774	1
73854406	1
73873791	1
73893404	1
73913020	1
73932596	1
73952218	1
73971817	1
73991414	1
74010982	1
74030572	1
74050151	1
74069733	1
74089269	1
74108881	1
74128484	1
74148076	1
74167696	1
74182748	1
74197871	1
74217456	1
74236830	1
74256434	1
74276021	1
74295632	1
74315221	1
74334808	1
74354423	1
74374008	1
74393603	1
74413208	1
74432795	1
74452406	1
74471996	1
74491586	1
74511202	1
74530784	1
74550155	1
74569761	1
74584778	1
74604390	1
74623743	1
74643349	1
74662912	1
74682495	1
74697670	1
74717250	1
74736859	1
74756463	1
74776041	1
74795656	1
74815254	1
74834846	1
74854461	1
74874041	1
74893649	1
74913255	1
74932832	1
74952442	1
74972037	1
74991627	1
75011013	1
75030594	1
75051210	1
75070843	1
75090432	1
75110056	1
75129666	1
75149213	1
75168801	1
75188374	1
75203447	1
75223016	1
75242608	1
75257633	1
75277210	1
75292182	1
75311770	1
75331330	1
75350901	1
75365895	1
75385515	1
75405104	1
75420131	1
75459452	1
75479057	1
75498612	1
75518162	1
75537757	1
75557306	1
75576891	1
75596470	1
75616021	1
75635619	1
75655162	1
75674766	1
75694379	1
75709958	1
75729574	1
75749076	1
75768632	1
75783797	1
75803378	1
75822988	1
75842504	1
75862078	1
75881618	1
75901197	1
75920812	1
75940398	1
75959978	1
75979579	1
75999152	1
76018694	1
76038235	1
76057757	1
76077353	1
76098291	1
76117893	1
76137521	1
76157072	1
76176628	1
76197351	1
76216964	1
76236508	1
76256238	1
76275838	1
76297111	1
76316729	1
76336332	1
76355961	1
76375507	1
76395116	1
76414738	1
76430306	1
76449927	1
76469521	1
76489118	1
76508704	1
76528275	1
76543355	1
76558412	1
76578029	1
76597504	1
76617098	1
76632517	1
76652083	1
76671702	1
76691297	1
76710867	1
76730460	1
76745449	1
76765063	1
76784644	1
76804227	1
76823846	1
76843381	1
76862987	1
76882596	1
76901906	1
76921523	1
76941123	1
76960693	1
76980293	1
76999872	1
77019478	1
77039037	1
77058609	1
77074621	1
77094213	1
77113807	1
77133422	1
77152986	1
77172597	1
77192192	1
77211776	1
77231366	1
77250958	1
77270554	1
77290172	1
77309687	1
77329301	1
77348885	1
77368319	1
77407732	1
77422760	1
77442364	1
77457390	1
77476839	1
77495952	1
77510960	1
77531671	1
77551260	1
77570888	1
77590484	1
77610106	1
77629716	1
77649309	1
77668923	1
77688501	1
77708076	1
77727692	1
77742704	1
77762308	1
77781870	1
77797904	1
77812971	1
77832574	1
77852167	1
77867160	1
77882205	1
77901797	1
77921370	1
77940969	1
77960545	1
77980143	1
77999691	1
78019296	1
78038893	1
78058478	1
78078054	1
78097645	1
78117196	1
78136810	1
78156390	1
78175982	1
78195556	1
78215141	1
78234739	1
78254331	1
78273881	1
78293493	1
78313043	1
78332624	1
78352223	1
78371808	1
78391396	1
78410999	1
78430564	1
78445602	1
78465185	1
78484800	1
78504386	1
78523978	1
78543595	1
78563176	1
78582737	1
78602346	1
78621916	1
78641518	1
78661082	1
78680671	1
78700275	1
78719884	1
78739484	1
78759101	1
78778687	1
78798300	1
78817890	1
78837479	1
78857064	1
78872055	1
78891630	1
78911232	1
78926222	1
78945827	1
78965378	1
78984994	1
79004584	1
79024163	1
79040154	1
79059737	1
79079349	1
79098943	1
79118497	1
79138117	1
79157670	1
79177247	1
79196865	1
79211861	1
79231440	1
79251032	1
79270598	1
79290215	1
5478540	2
5503983	2
5523593	2
5543224	2
5562814	2
5582430	2
5602054	2
5621586	2
5641209	2
5660815	2
5680357	2
5699941	2
5719538	2
5739144	2
5758759	2
5778307	2
5797922	2
5812870	2
5832462	2
5852063	2
5871640	2
5895314	2
5917122	2
5939408	2
5961646	2
5983992	2
6006110	2
6028426	2
6050745	2
6073052	2
6095357	2
6117646	2
6139716	2
6162045	2
6184359	2
6208731	2
6231089	2
6253423	2
6275682	2
6298030	2
6320341	2
6342612	2
6364785	2
6387110	2
6409399	2
6426489	2
6448827	2
6471144	2
6493418	2
6515759	2
6538084	2
6560377	2
6582689	2
6605027	2
6627319	2
6649638	2
6671999	2
6689144	2
6711455	2
6733796	2
6756089	2
6778395	2
6800725	2
6823040	2
6845351	2
6867254	2
6889572	2
6911855	2
6934170	2
6956467	2
6973764	2
6996028	2
7018362	2
7040695	2
7062985	2
7085238	2
7107559	2
7129878	2
7152190	2
7169298	2
7191617	2
7213928	2
7236262	2
7258569	2
7280846	2
7297951	2
7320278	2
7337419	2
7354553	2
7376828	2
7399124	2
7421394	2
7443701	2
7465971	2
7488301	2
7510615	2
7532927	2
7555242	2
7577581	2
7601067	2
13536684	2
13556155	2
13575794	2
13595397	2
13614885	2
13633787	2
13653011	2
13669010	2
13688604	2
13708210	2
13727825	2
13746944	2
13766515	2
13786120	2
13805713	2
13825332	2
13844926	2
13864498	2
13884107	2
13903693	2
13923297	2
13942888	2
13962436	2
13982034	2
13998946	2
14017349	2
14035761	2
14053999	2
14072516	2
14090919	2
14109533	2
14127801	2
14145592	2
14163653	2
14181922	2
14199926	2
14217818	2
14236472	2
14254783	2
14272936	2
14291619	2
14310232	2
14328480	2
14346888	2
14364766	2
14382744	2
14401001	2
14419221	2
14437377	2
14455462	2
14473693	2
14491980	2
14510351	2
14528535	2
14546808	2
14565331	2
14584381	2
14604016	2
14623626	2
14643341	2
14662959	2
14682558	2
14702163	2
14750459	2
14769953	2
14789546	2
14809143	2
14830078	2
14849691	2
14869270	2
14888878	2
14908473	2
14928075	2
14947695	2
14967258	2
14986855	2
15006468	2
15026060	2
15045661	2
15060663	2
15080279	2
15095271	2
15114874	2
15129879	2
15149476	2
15169098	2
15188693	2
15208299	2
15227919	2
15247511	2
15267127	2
15286738	2
15306094	2
15321225	2
15340809	2
15360441	2
15380049	2
15399656	2
15419275	2
15438870	2
21368013	2
21391889	2
21410534	2
21428974	2
21447136	2
21465490	2
21483893	2
21502068	2
21520274	2
21538513	2
21556626	2
21574881	2
21593180	2
21611766	2
21630032	2
21648248	2
21666364	2
21684598	2
21703401	2
21721723	2
21739883	2
21757841	2
21776042	2
21794284	2
21812457	2
21830841	2
21848934	2
21881754	2
21900570	2
21919421	2
21938081	2
21956770	2
21975575	2
21994043	2
22012443	2
22030502	2
22049646	2
22069284	2
22088886	2
22108517	2
22128120	2
22147661	2
22167290	2
22186881	2
22206455	2
22226067	2
22245586	2
22265192	2
22280258	2
22299828	2
22319426	2
22338956	2
22358454	2
22378052	2
22397647	2
22416954	2
22436501	2
22456109	2
22475720	2
22495249	2
22514852	2
22534275	2
22553868	2
22569906	2
22589493	2
22609112	2
22628711	2
22648221	2
22667748	2
22687295	2
22706899	2
22726477	2
22746023	2
22765598	2
22785198	2
22804708	2
22824311	2
22843883	2
22863487	2
22883098	2
22902663	2
22922281	2
22941797	2
22961387	2
22980834	2
23000425	2
23020029	2
23039629	2
23054615	2
23069654	2
23089202	2
23113523	2
23133154	2
23152748	2
23172328	2
23191957	2
23211560	2
23231187	2
23250768	2
23265806	2
29075464	2
29095143	2
29114760	2
29134389	2
29153986	2
29173602	2
29193216	2
29208272	2
29227840	2
29247430	2
29266949	2
29286561	2
29306153	2
29325640	2
29345236	2
29364819	2
29384406	2
29403994	2
29423584	2
29439639	2
29459241	2
29478771	2
29498349	2
29517962	2
29532916	2
29548497	2
29568107	2
29587701	2
29607323	2
29626902	2
29646508	2
29666127	2
29685689	2
29702110	2
29721718	2
29741320	2
29760941	2
29780534	2
29800094	2
29819702	2
29839293	2
29854273	2
29873849	2
29893447	2
29913062	2
29932171	2
29951758	2
29971356	2
29990921	2
30010525	2
30025524	2
30045052	2
30064614	2
30084199	2
30103799	2
30124164	2
30143400	2
30163006	2
30182603	2
30202195	2
30221777	2
30241306	2
30260909	2
30275925	2
30295549	2
30315083	2
30334657	2
30354280	2
30369816	2
30384896	2
30399892	2
30419494	2
30439074	2
30458661	2
30478226	2
30493241	2
30512851	2
30532446	2
30552050	2
30567090	2
30586629	2
30606252	2
30625847	2
30645432	2
30665036	2
30684609	2
30704172	2
30723759	2
30743338	2
30762943	2
30782484	2
30797522	2
30817116	2
30836709	2
30856333	2
30871347	2
30890912	2
30910516	2
30930328	2
30949962	2
36798570	2
36818330	2
36837919	2
36857549	2
36877156	2
36896675	2
36915841	2
36935430	2
36950406	2
36970001	2
36989607	2
37009016	2
37028591	2
37048108	2
37067711	2
37087302	2
37106920	2
37126512	2
37146111	2
37167939	2
37187530	2
37207149	2
37226760	2
37246352	2
37265974	2
37285574	2
37300582	2
37320202	2
37339785	2
37359391	2
37375151	2
37390175	2
37409775	2
37429344	2
37448962	2
37463971	2
37479748	2
37494570	2
37514187	2
37529170	2
37548779	2
37568324	2
37587912	2
37607532	2
37627126	2
37646718	2
37666336	2
37685905	2
37705502	2
37725022	2
37744609	2
37759667	2
37779253	2
37798865	2
37818473	2
37838059	2
37857680	2
37872619	2
37892084	2
37911602	2
37931190	2
37946162	2
37965749	2
37985262	2
38004867	2
38024444	2
38044063	2
38063634	2
38083087	2
38102615	2
38122201	2
38141795	2
38161380	2
38180969	2
38200588	2
38220016	2
38239617	2
38259211	2
38278798	2
38293827	2
38313412	2
38332951	2
38352567	2
38374925	2
38394545	2
38414092	2
38433658	2
38453283	2
38472890	2
38492487	2
38512092	2
38527078	2
38546699	2
38566211	2
38585785	2
38605384	2
38624961	2
38644532	2
38664146	2
38683344	2
38721238	2
38740846	2
38760481	2
38780076	2
38799692	2
38819304	2
38838642	2
38858265	2
38877766	2
38897365	2
38916929	2
38936507	2
38956118	2
38975694	2
38995199	2
39010283	2
39029866	2
39044868	2
39064464	2
39084023	2
39103642	2
39123037	2
39142638	2
39161473	2
39181062	2
39195930	2
39215480	2
39235099	2
39254702	2
39274226	2
39293843	2
39308892	2
39328505	2
39343482	2
39363085	2
39382659	2
39402245	2
39417113	2
39436687	2
39456231	2
39475572	2
39490408	2
39510025	2
39529614	2
39544641	2
39559612	2
39579224	2
39600893	2
39620497	2
39640130	2
39659725	2
39679327	2
39698955	2
39718550	2
39738159	2
39757768	2
39777359	2
39796977	2
39816581	2
39836160	2
39855783	2
39875378	2
39894987	2
39910055	2
39929379	2
39949012	2
39968606	2
39988147	2
40003222	2
40022752	2
40042241	2
40061817	2
40081411	2
40100959	2
40120530	2
40140127	2
40159440	2
40179012	2
40202220	2
40221826	2
40236866	2
40256450	2
40272474	2
40292055	2
40311646	2
40331256	2
40346251	2
40365678	2
40385509	2
40405060	2
40424674	2
40439509	2
40459096	2
40474137	2
40493521	2
40513141	2
40528145	2
40547765	2
40567354	2
40586921	2
40627271	2
40646881	2
40666506	2
40686098	2
40705714	2
40725325	2
40744892	2
40764407	2
40784005	2
40803604	2
40823221	2
40844140	2
40863695	2
40883323	2
40902919	2
40922543	2
40942118	2
40961716	2
40981340	2
41000892	2
41020480	2
41035481	2
41055063	2
41074669	2
41094214	2
41113821	2
41133391	2
41152964	2
41172536	2
41192086	2
41211322	2
41230940	2
41250529	2
41270109	2
41289724	2
41309308	2
41328923	2
41348502	2
41368093	2
41387711	2
41407302	2
41426880	2
41446495	2
41466078	2
41485692	2
41505273	2
41520274	2
41539889	2
41559474	2
41579065	2
41598669	2
41618257	2
41637876	2
41657445	2
41677045	2
41696661	2
41716246	2
41731274	2
41750865	2
41770463	2
41790079	2
41809642	2
41829239	2
41848844	2
41868404	2
41887999	2
41907591	2
41928096	2
41947723	2
41967306	2
41982328	2
42001922	2
42021481	2
42041075	2
42060661	2
42081428	2
42101056	2
42120638	2
42140266	2
42159873	2
42179465	2
42199088	2
42214225	2
42233837	2
42253422	2
42273017	2
42292626	2
42307636	2
42327221	2
42346793	2
42361951	2
42381562	2
42401135	2
42420696	2
42435841	2
42450885	2
42470464	2
42490006	2
42505032	2
42524621	2
48268328	2
48288051	2
48307652	2
48327289	2
48346899	2
48366504	2
48386129	2
48405721	2
48425331	2
48444897	2
48464484	2
48484084	2
48503682	2
48518860	2
48538468	2
48553568	2
48568693	2
48588247	2
48607846	2
48627366	2
48642361	2
48661969	2
48681517	2
48701120	2
48720714	2
48740315	2
48759935	2
48774909	2
48794528	2
48814084	2
48833644	2
48853263	2
48872853	2
48892413	2
48911980	2
48931552	2
48951174	2
48970768	2
48990185	2
49010905	2
49030471	2
49050091	2
49069635	2
49089230	2
49108855	2
49128459	2
49148059	2
49167564	2
49187118	2
49206712	2
49226233	2
49245825	2
49265433	2
49280485	2
49300095	2
49319707	2
49339296	2
49358914	2
49378514	2
49398111	2
49413732	2
49433321	2
49452939	2
49472543	2
49488144	2
49507757	2
49523346	2
49542953	2
49562543	2
49582126	2
49597738	2
49617317	2
49636938	2
49656520	2
49672134	2
49691740	2
49711204	2
49730795	2
49750385	2
49769993	2
49785606	2
49805196	2
49824817	2
49844394	2
49860008	2
49879563	2
49899155	2
49918761	2
49938353	2
49957954	2
49973569	2
49993162	2
50012758	2
50032343	2
50047954	2
50067546	2
50087136	2
50106748	2
50126341	2
50145945	2
50186088	2
50205706	2
50225321	2
50254667	2
50274191	2
50293818	2
50313419	2
50333028	2
50352651	2
50372201	2
50387229	2
50402230	2
50421826	2
50441430	2
50461025	2
50476102	2
50495691	2
50515225	2
50534826	2
50554385	2
50569414	2
50585501	2
50605122	2
50624630	2
50639635	2
50659233	2
50674227	2
50693813	2
50708814	2
50728425	2
50743400	2
50762938	2
50777915	2
50798523	2
50818137	2
50837728	2
50852706	2
50872296	2
50887422	2
50906977	2
50922051	2
50941611	2
50961205	2
50980827	2
51000066	2
51019673	2
51034671	2
51054221	2
51069228	2
51088786	2
51108054	2
51127633	2
51146879	2
51166499	2
51181475	2
51201055	2
51220637	2
51240237	2
51259858	2
51279446	2
51298708	2
51318317	2
51333300	2
51352872	2
51367847	2
51387470	2
51406709	2
51427439	2
51447072	2
51466672	2
51486295	2
51505757	2
51525354	2
51544980	2
51564582	2
51584164	2
51603784	2
51623369	2
51638455	2
51658032	2
51677635	2
51697254	2
51716844	2
51736428	2
51756040	2
51775630	2
51790498	2
51810089	2
51829668	2
51849256	2
51868782	2
51888321	2
51907890	2
51927489	2
51947085	2
51966671	2
51986281	2
52005796	2
52025291	2
52040369	2
52075691	2
52095294	2
52114898	2
52134451	2
52154039	2
52173652	2
52195640	2
52215229	2
52234825	2
52254437	2
52274014	2
52293642	2
52313236	2
52332842	2
52352462	2
52367477	2
52387101	2
52406664	2
52426270	2
52445887	2
52465452	2
52480305	2
52499881	2
52519492	2
52534508	2
52554102	2
52573722	2
52593309	2
52612914	2
52632519	2
52652107	2
52673000	2
52692630	2
52712233	2
52731864	2
52751447	2
52771056	2
52790682	2
52810268	2
52826062	2
52845632	2
52865232	2
52884852	2
52904412	2
52924006	2
52943614	2
52958640	2
52978246	2
52993251	2
53012873	2
53032417	2
53047439	2
53062498	2
53082108	2
53101710	2
53121255	2
53140813	2
53160283	2
53175294	2
53194894	2
53214453	2
53234049	2
53249036	2
53268628	2
53283638	2
53302739	2
53317784	2
53337377	2
53356971	2
53376567	2
53396142	2
53415729	2
53435292	2
53454833	2
53474403	2
53489456	2
53509047	2
53528521	2
53548110	2
53567686	2
53587004	2
53606269	2
53621286	2
53640906	2
53656048	2
53675656	2
53695246	2
53714835	2
53734180	2
53753710	2
53773265	2
53788866	2
53808426	2
53827766	2
53847303	2
53862313	2
53881921	2
53901478	2
53921052	2
53940653	2
7644461	3
7669511	3
7691858	3
7714041	3
7736392	3
7758733	3
7781057	3
7803393	3
7825741	3
7848044	3
7870362	3
7892689	3
7909782	3
7932080	3
7949857	3
7972181	3
7994492	3
8016823	3
8039150	3
8056228	3
8078566	3
8100857	3
8123111	3
8145444	3
8167758	3
8198592	3
8220920	3
8243235	3
8265586	3
8287934	3
8310248	3
8332580	3
8354919	3
8377196	3
8394292	3
8416627	3
8438937	3
8461261	3
8483599	3
8500713	3
8522921	3
8545253	3
8567577	3
8589400	3
8611168	3
8633460	3
8655771	3
8678096	3
8695186	3
8717496	3
8739789	3
8756883	3
8779136	3
8801466	3
8823805	3
8846119	3
8868417	3
8890756	3
8913064	3
8937634	3
8959953	3
8975049	3
8994647	3
9014252	3
9033850	3
9053453	3
9073075	3
9092609	3
9112222	3
9131810	3
9151400	3
9166371	3
9185881	3
9205440	3
9225039	3
9244616	3
9264211	3
9283787	3
9303385	3
9323006	3
9342597	3
9362202	3
9377210	3
9396807	3
9416379	3
9431373	3
9446404	3
9465761	3
9485325	3
9504692	3
9519699	3
9534717	3
9554312	3
9569511	3
9589097	3
9608706	3
9623714	3
9638837	3
9653832	3
9673444	3
9717663	3
9737285	3
9756905	3
9776450	3
9795869	3
9814882	3
9834482	3
9853826	3
9873387	3
9892751	3
9912370	3
9931773	3
9951317	3
9966255	3
9985601	3
10005132	3
10024673	3
10039644	3
10059155	3
10078774	3
10098106	3
10117682	3
10137292	3
10157975	3
10177308	3
10196919	3
10216513	3
10236070	3
10255681	3
10275255	3
10294870	3
10314457	3
10334037	3
10353652	3
10373238	3
10392850	3
10408951	3
10428545	3
10448164	3
10467724	3
10487334	3
10502400	3
10521997	3
10541583	3
10561077	3
10580657	3
10600250	3
10619819	3
10639438	3
10659001	3
10678505	3
10698126	3
10717668	3
10737245	3
10756762	3
10776347	3
10795951	3
10815525	3
10835115	3
10854720	3
10874214	3
10893325	3
10911661	3
10930046	3
10948185	3
10967917	3
10987541	3
11004451	3
11024058	3
11043671	3
11063268	3
11082875	3
11102491	3
11121166	3
11140780	3
11155764	3
11171881	3
11191472	3
11206529	3
11226132	3
11245063	3
11264677	3
11284264	3
11303862	3
11323476	3
11343067	3
11362569	3
11383249	3
11402851	3
11422482	3
11442087	3
11461686	3
11481312	3
11500906	3
11520508	3
11539913	3
11559451	3
11579069	3
11598649	3
11618242	3
11659147	3
11678758	3
11698392	3
11717990	3
11737608	3
11757223	3
11776760	3
11796379	3
11815982	3
11835532	3
11854716	3
11874205	3
11893805	3
11913416	3
11928589	3
11948160	3
11967749	3
11987211	3
12006807	3
12026394	3
12041470	3
12060755	3
12080369	3
12099978	3
12119568	3
12139171	3
12158754	3
12178349	3
12199579	3
12219195	3
12238788	3
12258392	3
12277891	3
12297517	3
12317127	3
12336726	3
12356350	3
12375946	3
12395551	3
12415172	3
12434749	3
12454351	3
12473955	3
12493546	3
12513168	3
12532746	3
12552348	3
12567369	3
12582371	3
12597434	3
12617005	3
12637816	3
12657207	3
12676823	3
12696382	3
12715976	3
12735594	3
12755202	3
12774772	3
12794379	3
12813959	3
12833530	3
12848596	3
12868190	3
12883269	3
12902827	3
12922377	3
12941966	3
12956954	3
12972139	3
12991678	3
13011300	3
13030876	3
13046070	3
13061114	3
13080727	3
13100339	3
13115508	3
13135098	3
13154686	3
13174299	3
13193899	3
13213447	3
13228529	3
13248116	3
13263314	3
13282909	3
13302495	3
13322028	3
13337191	3
13356799	3
13376393	3
13391393	3
13406566	3
13421642	3
13437409	3
13457000	3
13476573	3
13496134	3
13515698	3
30972514	3
30992293	3
31011922	3
31031584	3
31047670	3
31067279	3
31086878	3
31106447	3
31126038	3
31145355	3
31160429	3
31180027	3
31199616	3
31219108	3
31233846	3
31255842	3
31275446	3
31295081	3
31314827	3
31334501	3
31354133	3
31373717	3
31388743	3
31408340	3
31427917	3
31447500	3
31467250	3
31486976	3
31506590	3
31526280	3
31545952	3
31561036	3
31580845	3
31602358	3
31622259	3
31641930	3
31661643	3
31681397	3
31701281	3
31720856	3
31740647	3
31760478	3
31780652	3
31800348	3
31820017	3
31839712	3
31858901	3
31878491	3
31898085	3
31917709	3
31937287	3
31956882	3
31976487	3
31996048	3
32011131	3
32030705	3
32050317	3
32069912	3
32089502	3
32109121	3
32128723	3
32148318	3
32167940	3
32203607	3
32223106	3
32242977	3
32262887	3
32282611	3
32302224	3
32321848	3
32341635	3
32356668	3
32376267	3
32395878	3
32415496	3
32435045	3
32454655	3
32474243	3
32493959	3
32516599	3
32536217	3
32555805	3
32575403	3
32594990	3
32614595	3
32634188	3
32649242	3
32668867	3
32688461	3
32703507	3
32723091	3
32742670	3
32762293	3
32781887	3
32801490	3
32821105	3
32840673	3
32860276	3
32879878	3
32899466	3
32942867	3
32962461	3
32982088	3
33001686	3
33021289	3
33040904	3
33060492	3
33080088	3
33099699	3
33119292	3
33138919	3
33158515	3
33178110	3
33197730	3
33217317	3
33236918	3
33256515	3
33276103	3
33295721	3
33315318	3
33334908	3
33354516	3
33374104	3
33393593	3
33413204	3
33432791	3
33452410	3
33472008	3
33491601	3
33510936	3
33530524	3
33550123	3
33569734	3
33589320	3
33608938	3
33628537	3
33648125	3
33667734	3
33687322	3
33706930	3
33726543	3
33746130	3
33765746	3
33786663	3
33806230	3
33825865	3
33845469	3
33865076	3
33884633	3
33904214	3
33923806	3
33943398	3
33958447	3
33973470	3
33993029	3
34012324	3
34031900	3
34051497	3
34066514	3
34081500	3
34101114	3
34116256	3
34135424	3
34155014	3
34174625	3
34194225	3
34213265	3
34228244	3
34247831	3
34266807	3
34285863	3
34305456	3
34325079	3
34344660	3
34363715	3
34378681	3
34398276	3
34417259	3
34436851	3
34456465	3
34471505	3
34491057	3
34510668	3
34530254	3
34549847	3
34569460	3
34584399	3
34603954	3
34623540	3
34643128	3
34658139	3
34677738	3
34697358	3
34716944	3
34736550	3
34756149	3
34775738	3
34795313	3
34814900	3
34834498	3
34876309	3
34895926	3
34915518	3
34935112	3
34954733	3
34974342	3
34993921	3
35014628	3
35034215	3
35053822	3
35073451	3
35092970	3
35112579	3
35132152	3
35151733	3
35171323	3
35190891	3
35210486	3
35230104	3
35249693	3
35264733	3
35284331	3
35303825	3
35323445	3
35342998	3
35362606	3
35382218	3
35401794	3
35421411	3
35440993	3
35460536	3
35480140	3
35499612	3
35519202	3
35534232	3
35553813	3
35573432	3
35593019	3
35612625	3
35632211	3
35651748	3
35671365	3
35690964	3
35705947	3
35720975	3
35740573	3
35760089	3
35779660	3
35799240	3
35814229	3
35833779	3
35853387	3
35872974	3
35892558	3
35912135	3
35931709	3
35951228	3
35966229	3
35981274	3
36000865	3
36020443	3
36040061	3
36059643	3
36079232	3
36098806	3
36118396	3
36138015	3
36157605	3
36172640	3
36193665	3
36213520	3
36237847	3
36257448	3
36277046	3
36296673	3
36316252	3
36335853	3
36355429	3
36374966	3
36390009	3
36409610	3
36429198	3
36448823	3
36468410	3
36488019	3
36507590	3
36527143	3
36546683	3
36566217	3
36585784	3
36600808	3
36620395	3
36639994	3
36659529	3
36679012	3
36698632	3
36717953	3
36737529	3
36756957	3
36776512	3
42545618	3
42565360	3
42584935	3
42604564	3
42624160	3
42643775	3
42663391	3
42682983	3
42702168	3
42721772	3
42741303	3
42760923	3
42780481	3
42800087	3
42819648	3
42839235	3
42858854	3
42878441	3
42897985	3
42917604	3
42937122	3
42952085	3
42971683	3
42991277	3
43006309	3
43025897	3
43045515	3
43065086	3
43084452	3
43104060	3
43123635	3
43143245	3
43162624	3
43178373	3
43197970	3
43219295	3
43238912	3
43258537	3
43278136	3
43297756	3
43317363	3
43336808	3
43356433	3
43376028	3
43395635	3
43415223	3
43434785	3
43454401	3
43473992	3
43493586	3
43513207	3
43532804	3
43552406	3
43572012	3
43591573	3
43611187	3
43630796	3
43645798	3
43665400	3
43680402	3
43700025	3
43715019	3
43734601	3
43754205	3
43773798	3
43788806	3
43808394	3
43829175	3
43848786	3
43868356	3
43887980	3
43907574	3
43927180	3
43946797	3
43966353	3
43985969	3
44005578	3
44025168	3
44044792	3
44064388	3
44079404	3
44098996	3
44118589	3
44133597	3
44153188	3
44172804	3
44193909	3
44213703	3
44233329	3
44252875	3
44272364	3
44287395	3
44306990	3
44326612	3
44346276	3
44361430	3
44381043	3
44400635	3
44420072	3
44441023	3
44481540	3
44496544	3
44516172	3
44535780	3
44555378	3
44574960	3
44594557	3
44614166	3
44633774	3
44648781	3
44668406	3
44687975	3
44707549	3
44722284	3
44741850	3
44760932	3
44780470	3
44800080	3
44816044	3
44835637	3
44855228	3
44874821	3
44894375	3
44909370	3
44924524	3
44940623	3
44960189	3
44979811	3
44999365	3
45018975	3
45034133	3
45053192	3
45072760	3
45092350	3
45108323	3
45127917	3
45147484	3
45167106	3
45186643	3
45201648	3
45216789	3
45232901	3
45252469	3
45272067	3
45291652	3
45311236	3
45326405	3
45345463	3
45360455	3
45380062	3
45396013	3
45415630	3
45435141	3
45454757	3
45474313	3
45489317	3
45508920	3
45525001	3
45544592	3
45564187	3
45583753	3
45598579	3
45613728	3
45634318	3
45653888	3
45673313	3
45692931	3
45712529	3
45732148	3
45751712	3
45771318	3
45790934	3
45810436	3
45825520	3
45845114	3
45864608	3
45879687	3
45899272	3
45918891	3
45938470	3
45957786	3
45973878	3
45993466	3
46013061	3
46032657	3
46052201	3
46071818	3
46091405	3
46110819	3
46130424	3
46149948	3
46169568	3
46189128	3
46208724	3
46228309	3
46247897	3
46267457	3
46287051	3
46306590	3
46326209	3
46366103	3
46385732	3
46405305	3
46424868	3
46444477	3
46463826	3
46483415	3
46502956	3
46522472	3
46542033	3
46561542	3
46581089	3
46600700	3
46620220	3
46639841	3
46659426	3
46678941	3
46698503	3
46718092	3
46737700	3
46757317	3
46776909	3
46796530	3
46816134	3
46835730	3
46855353	3
46874946	3
46896728	3
46916362	3
46935840	3
46955406	3
46975019	3
46993665	3
47013989	3
47033594	3
47053044	3
47068079	3
47087639	3
47102724	3
47122228	3
47141845	3
47161120	3
47180688	3
47200258	3
47219770	3
47234927	3
47254285	3
47273792	3
47293412	3
47312985	3
47332461	3
47352067	3
47367109	3
47386684	3
47406193	3
47422245	3
47441851	3
47456907	3
47476488	3
47496054	3
47515644	3
47535247	3
47554823	3
47569850	3
47589433	3
47609051	3
47628618	3
47643677	3
47663277	3
47679276	3
47698886	3
47718477	3
47733501	3
47753098	3
47768093	3
47787699	3
47807287	3
47826906	3
47846497	3
47866089	3
47885708	3
47905295	3
47924902	3
47939965	3
47959470	3
47979084	3
47998671	3
48018274	3
48037883	3
48052932	3
48067939	3
48088541	3
48108143	3
48127751	3
48147356	3
48166982	3
48188550	3
48208419	3
48228079	3
48247664	3
53961240	3
53980434	3
53999704	3
54018855	3
54037965	3
54057582	3
54077223	3
54096834	3
54116456	3
54136081	3
54155677	3
54175269	3
54194873	3
54214445	3
54234053	3
54253646	3
54273232	3
54292839	3
54312420	3
54332014	3
54351631	3
54371122	3
54390743	3
54410349	3
54429909	3
54449433	3
54469028	3
54488628	3
54508239	3
54527830	3
54547447	3
54567050	3
54586616	3
54606236	3
54625803	3
54645310	3
54664902	3
54684488	3
54704079	3
54723685	3
54743253	3
54762873	3
54778860	3
54798456	3
54818065	3
54837627	3
54852654	3
54872243	3
54891859	3
54906857	3
54926455	3
54946073	3
54965659	3
54985272	3
55004826	3
55026032	3
55045666	3
55065247	3
55084848	3
55104469	3
55124044	3
55143658	3
55163271	3
55182861	3
55201848	3
55221440	3
55241035	3
55260654	3
55280238	3
55299840	3
55319448	3
55338933	3
55358545	3
55378144	3
55397739	3
55417356	3
55436316	3
55455648	3
55475261	3
55494840	3
55514454	3
55534048	3
55553638	3
55573254	3
55592837	3
55612439	3
55632050	3
55651622	3
55671242	3
55690707	3
55709676	3
55728902	3
55748357	3
55767969	3
55787576	3
55807148	3
55826766	3
55846364	3
55865955	3
55885571	3
